3.3308966984041
15.8213762053354
59.8876595289264
13.2841109178199
6.37463165471591
0.765966105444589
4.31483805896643
2.93557013960999
0.0441540445717395
0.123260867086963
0.0375281277825656
0.0541631731648442
0.00497310319920677
0.000503861497816915
0.0144317932217217
0.00428268775253789
0.00120778444967075
0.000208644016299463
0.000147939059107868
8.39030155976957e-05
3.20823610133885e-06
1.15431798665722e-06
1.32540631353181e-07
1.79551812038788e-07
2.67409507519212e-09
5.7123629791521e-09
3.31988307418985e-08
2.51950717153601e-08
5.49763854832646e-09
1.11889797881728e-08
3.40986707779107e-09
13.6033362925518
62.373338499848
30.6667289781631
13.7886626067377
1.71569170918613
0.657372603678129
0.101395918539035
0.0873246486708314
0.00510986771860821
0.00052275037032663
0.000468389002956383
3.03223324329442e-05
8.93377550983593e-06
7.7429372907572e-06
3.83792778881577e-07
2.36084511184612e-08
3.19701253833209e-07
5.73521724283181e-09
1.55999257746215e-09
7.99588197121483e-10
1.12776509701147e-09
6.55789543374565e-11
1.1191793584795e-11
8.06426097689578e-11
2.80893420663518e-13
2.3879855015424e-12
3.2196430491002e-13
8.81130725737632e-14
24.2561442535371
37.1443182057396
42.1913903228966
9.75153857451592
4.92272575601538
0.711190488949349
2.31697184072575
0.233320272799935
0.154181294861485
0.160724601644212
0.0972950861820813
0.0244955888384513
0.0113463896194132
0.00602494752291529
0.016202820086566
0.00162374304006518
0.000112912251517402
0.000188287998115591
0.000121538474571432
6.29677143015878e-05
1.4545290334246e-05
4.89691603005017e-06
3.61913138154356e-07
9.92699742447658e-08
4.7761424493414e-08
1.10614293006673e-07
2.83665534861779e-09
3.32196738307151e-08
2.70461722929361e-09
4.00868610277182e-09
1.35070760391611e-11
63.0317291535903
14.3340876172132
3.06408592159721
4.0592922757961
0.0194867438099031
0.23271621895595
0.21689596915416
0.0219579238360339
0.0193397875814178
6.829107285097e-06
0.000258287128921741
8.86786260194108e-05
4.20326227594811e-05
7.85745862116406e-06
1.62081481421367e-06
2.78026828137779e-06
1.45594633399196e-08
2.31820424950564e-07
4.34840440472566e-08
9.72271561447366e-10
1.12247630409286e-09
5.90130487702608e-09
1.28371343610095e-09
1.12731534250258e-10
2.56386578651269e-09
2.94241417381245e-10
1.12808368523615e-10
1.97432697475917e-10
1.34730915586468e-11
1.62552260762073e-13
57.1993536665104
16.6138446185007
15.9626882508777
2.07059880729931
0.204731443978058
0.425186566467976
0.390104865571522
0.128188638128696
0.00511222456181991
1.93437794865369e-05
0.000113825788063857
2.89015784536779e-05
2.06577634591575e-05
2.51757733653735e-06
4.42732504633205e-06
1.05372671036499e-06
5.37035661736349e-08
1.0056141846405e-07
2.57932727466008e-08
9.59752565720846e-09
6.14742508917432e-10
1.11153205243458e-10
5.82941236171636e-11
1.05681042315052e-10
4.98994872544205e-12
3.85157635704421e-12
6.84097856425658e-12
7.69938860537127e-13
2.21346674689519e-12
2.20747651104904e-13
2.70971657407751e-13
42.061541439034
3.78648547381791
5.63685121005771
43.219226942288
3.78828810217846
0.366424569979915
0.0793844669290605
0.671610853474963
0.230012182771859
0.151180126923866
0.00757168657036699
0.000131944328732385
0.000341531379515035
0.000651447085082665
0.000215004814977581
1.61543673419302e-05
4.52175501486536e-05
1.87966560233614e-06
5.8352902193941e-06
1.1103883946905e-05
6.22464636313756e-07
2.38627925748314e-07
1.95843576686546e-06
8.12522117133809e-10
6.41257236254695e-09
5.87742528856583e-10
1.79553135134834e-10
2.96458411726376e-11
5.5121786425088e-11
1.67755418310652e-13
81.6078522321768
10.2825774652097
23.5276698001028
18.0233591696038
0.454499275528121
0.00617379337191998
0.0645188439606316
0.0319034133411166
0.00129144885243795
1.35432100991213e-05
1.26672951695547e-05
1.91428899875697e-05
8.90598077159276e-05
1.65925215087419e-05
1.57674491364342e-07
8.99664756932496e-07
2.0413386544758e-06
1.00044399919833e-07
7.83928316832665e-08
2.31302366209386e-07
3.44772399382221e-08
6.66648953654737e-10
3.84973584410179e-09
2.89046329766096e-09
2.57816101166633e-10
5.58133207921896e-11
1.10067731202632e-09
8.08273475921132e-11
9.68418324717724e-12
6.1555210952177e-11
1.27987413384158e-10
68.9191694506444
13.5718792293866
6.75594224867282
7.55500151236239
0.580809274021268
0.221140194537492
0.14194514707766
0.707902611790753
0.367560771085618
0.11988671235102
0.0212854270027292
0.0260687101742828
0.0037599637177112
0.00447046420806084
0.00159365022052793
0.00138953253322224
2.89243792537519e-06
9.58395024110672e-05
4.10565112483587e-05
4.68135060268548e-06
1.65283622660877e-05
1.93986653898579e-05
1.13852775253383e-05
3.14525375047713e-06
1.55949011366719e-08
8.08120938778754e-08
5.95490546043711e-08
1.64820040444752e-09
1.35422870983718e-08
1.91975343538539e-10
3.41597297650605e-10
70.8156781392172
6.4662397249185
5.79778007366425
6.98976230654818
6.27840129533369
4.73195051056282
10.7474632536585
0.663131740147323
0.702126508384573
0.556356512144033
0.0799006957893609
0.122189975048704
0.00886789880461548
0.0312541970773185
0.00620400993451044
0.00167292620626818
9.09832549954101e-05
0.000787121042173819
3.39853160369645e-05
3.93378909227066e-05
6.60494102677554e-05
1.83922169092458e-06
3.66712089073147e-07
3.65233403010256e-07
4.06577600379231e-08
3.26818988812254e-08
7.42997366440802e-08
1.17633630964456e-08
1.74856162713885e-08
1.52768301760221e-09
70.8134098704904
16.0468943119963
0.0817899825805451
0.056527134056506
0.00103354487050294
0.000127251963128294
8.14610239544893e-05
0.000107256381952549
2.61815928522888e-05
2.56266379869674e-06
1.31257142677939e-08
1.03652529330738e-07
1.09959689833222e-07
1.52670019796023e-07
1.6710543554145e-08
2.21925082550422e-08
1.59343034048975e-08
2.53335531783768e-12
1.8122963257318e-09
3.23229410855732e-10
4.65543109050313e-10
1.04292855192251e-09
3.87111141454409e-09
3.11747573468799e-10
3.9046551078715e-12
7.29628369908666e-11
7.82283925684398e-11
2.86408582231467e-11
4.07763784536077e-11
3.77959666078085e-11
3.90526355365706e-12
93.7441403176636
0.960622557403915
8.5855478763335
0.40710239898386
0.267758096245082
0.00857470989791219
0.00478375442019771
0.00690914255691668
0.0059294236391022
0.00389055920677349
0.00106276263773596
0.00112646302340343
0.00169668984867279
0.000103373415265719
0.000365807672574784
0.000122270701163123
2.95619390203938e-05
0.00021631957341601
1.61055086777792e-05
1.28476310577128e-06
1.68735968495761e-07
2.40759139154607e-07
1.04477620994324e-07
7.76779335793545e-09
2.54019772260204e-09
1.8879077619696e-10
4.46254471469898e-11
2.87704770576042e-11
1.19933383165279e-11
1.80746043418325e-12
58.9597279827576
20.5148052012554
14.4109888848334
0.427513107053628
3.30670274977432
1.05180439204608
0.153885885776025
0.118255678673258
0.0103981618345406
0.0230011329696272
0.0131603010570805
0.00695300313736452
0.001743200448929
0.000625950408207802
7.79613029753322e-05
3.12879323918391e-05
0.000157484917192434
7.77004519868341e-06
4.73665317945569e-05
2.84075597068715e-05
3.03147655720749e-05
3.78655270027364e-05
1.3857897416852e-07
9.64183206427076e-06
5.17302432830666e-06
9.20047524537341e-08
8.53923925266459e-07
8.01203498661263e-10
5.19904381340635e-10
6.25070911821174e-09
1.1042326174248e-09
