5.69147048890591
18.6737681558694
6.15825536088593
1.72742770007125
19.4790311742959
1.53382900788059
2.25107250002408
0.463150454788747
0.00103395908392456
0.0106632798389063
0.00109194998872912
0.00305192537583294
0.0037151343994812
0.000119082349516177
0.00165808495472282
0.000214852519169374
0.000165033735970775
9.55934135749578e-05
9.13143363448314e-05
4.51922765806761e-06
4.02240617568946e-05
2.59030102464612e-05
1.02271036666333e-05
1.14267598040284e-05
1.3966667881605e-06
1.03452608063919e-07
4.71681366463895e-07
3.86403394340322e-07
1.92165991463711e-07
8.2856552085606e-08
1.19458358062134e-08
26.986784806475
15.849897070002
15.5184146208541
3.10803833395103
1.33930898698979
0.183475910126398
0.00542193908611743
0.000390074600541828
0.00154199209823481
0.00311789500382291
0.00353589538134294
1.08691952896395e-05
3.43135909627339e-05
1.96169653219249e-05
6.06192963543835e-06
2.01489746833148e-07
1.11407363865859e-06
2.86311145084407e-07
1.04671511981382e-09
4.69099937075367e-09
2.94383775616161e-09
1.82005147112615e-09
1.24622871366203e-09
7.0853881806916e-11
3.6927145030239e-11
4.64812779017265e-12
4.51308380643836e-12
6.12156058894918e-12
20.360874698963
20.3106697962261
11.0749731119613
12.4568090363137
0.149484640011596
4.75020763868054
0.114981560118676
0.593802686348482
0.0913615239590067
0.0354116053925956
0.0537887444282963
0.00721241998542317
0.000384524665098636
7.89153188538282e-06
2.57028228978456e-05
1.68767502744232e-06
5.071487178674e-07
5.74101276949974e-07
3.85911300443635e-07
8.09551154098428e-07
2.84896142199009e-07
7.83134494860371e-08
2.4259071063516e-08
7.34408280086012e-09
5.61285091971983e-08
6.0218093332189e-10
1.66650859950951e-09
4.99582218485221e-10
3.70904410551727e-10
4.66198289546483e-11
4.83324391566373e-11
50.3149136232678
4.02463788234916
1.15790952632397
6.87059224194852
0.383433027953389
0.196848480796129
0.026593755588519
0.0228499268400902
0.000921864447213043
0.000411392874660195
0.000616129080215947
0.00011065810778633
3.83914465808112e-06
5.141588178526e-05
1.01846102334956e-05
6.28231957400325e-05
3.10251352378292e-05
1.4511324200547e-06
4.46295884470489e-07
1.88674877046384e-07
5.40290971630035e-08
1.6569746675696e-08
3.86516112293527e-08
5.348681465664e-09
5.49107315143463e-10
1.01761845244434e-09
1.52940691289577e-10
2.34445440141636e-11
3.4536109015282e-12
4.56330537815014e-12
70.2175308396108
23.4684005175527
13.8218103454255
1.62971319770268
0.698585307592864
0.605166205325985
0.261351213204417
0.166537812872701
0.0189281425128784
0.0217761033471438
0.00844437292217658
0.062411494944499
0.0120826189382086
0.00432729474633636
0.000927338139837813
0.000867256794685782
0.00040888181457778
0.000202403565384403
0.000372940891939885
0.000106821232081684
3.90708098969208e-05
7.67236363367169e-06
2.6021072189806e-07
1.12688029871901e-06
7.12442161649372e-07
1.27432608837582e-08
6.73969285256718e-09
2.13985735317497e-08
7.92465893073566e-10
8.24874124843791e-10
5.10849679008317e-11
94.9342596461065
10.8741332847917
2.86348209693363
0.675839366329398
0.107421204675319
0.0966911315521427
0.282890012433793
0.104594850041131
0.000589171117578773
0.00431890118607432
0.0297182029362651
0.0110258639837434
0.0116985641063568
0.000467106975598723
0.00146371293738503
0.000258050155181888
0.000432746410512918
0.000442498079789055
0.000251743698704379
1.92937514360754e-05
8.3966708587084e-07
6.65339038720504e-07
7.69662593653091e-07
6.34620743585187e-08
9.7501271938835e-08
7.66156007317458e-09
7.24288207074637e-08
1.74655505089861e-08
9.23216821549844e-09
4.2356048856439e-09
26.3206309787929
0.430246839718723
2.89222643741864
11.7128654840865
6.14012960009369
0.467497446803757
0.0315969818410621
0.002187047899943
0.00147832203863974
0.000170577164023939
0.000219122677177382
0.00019777847854117
0.000371209489583793
3.12392944330314e-05
2.87364730542283e-05
0.000106353183956085
1.38484867456773e-05
7.76150677113481e-07
1.07881178596886e-06
1.40965794481862e-07
8.67341055297543e-11
3.97205695357248e-11
2.5415831736702e-12
3.85823953966576e-13
4.36787117919547e-13
4.57642091701178e-13
6.55962109513708e-14
2.00571754880125e-14
1.39002985024811e-14
1.57254426132284e-15
6.85032225272508e-15
54.9356135074049
3.09462092382286
0.585498044606781
0.178459732215276
1.04050934717021
0.13757604610178
0.000641196305920869
1.08647395510276e-05
0.0116746402631607
0.0080142226809593
0.00191474286885081
0.0019046056379876
0.00190904454205326
0.00101557834563635
0.000587063245180649
4.49857104895141e-05
1.74591178123436e-07
1.5407068051129e-06
9.6672164103942e-07
1.46810780493794e-06
6.12715355789461e-07
1.91042372224742e-07
4.92542396867431e-07
5.91138467176016e-09
1.78268894559578e-09
1.33016242555685e-10
5.46081741343868e-11
1.01461250385652e-11
1.1059258593423e-11
2.56182624199163e-12
9.35418653273931e-13
54.2256244439632
21.722409074422
0.0120562396009111
0.0163415737929577
0.010612108332233
0.00552118770775727
0.00461381057536489
0.00222555799387577
0.000300145834803385
0.000215790205327508
6.70124214738987e-05
1.15877299393711e-05
3.6112758003465e-07
9.04092301288295e-07
1.53406236073091e-07
4.02254973106155e-08
6.81681946961037e-09
1.22344059794194e-09
5.86758776056549e-11
2.11157835850009e-10
2.51686028200553e-10
1.99069685645986e-13
2.39952023306501e-12
1.6602142458797e-12
7.41519625402459e-13
1.51350579976136e-12
3.25474799541818e-14
1.49781652794645e-13
8.77428136374931e-14
9.28884407446906e-15
67.3510699798353
12.4610581986946
16.3477955274118
1.65464380683904
0.592727703613594
0.032826835527063
0.286879289181876
0.106402544851931
0.00881457511818791
0.0497032909230389
0.075194106147584
0.0315727897684228
4.10211664353444e-05
0.000880905476941052
2.41156000609402e-05
8.76144336182788e-05
9.74914634177459e-05
6.27311532183568e-05
0.000114525086565979
2.45269563148999e-06
4.61363752439103e-07
2.01192112413195e-08
8.24459615320104e-09
3.20924422408181e-09
1.97703852157744e-09
7.3080880515057e-11
2.36282703909704e-11
1.06269159048446e-12
2.27443933729243e-15
1.13781470267421e-14
1.2145689515243e-14
7.37212777021341
39.3439463217273
12.0715705758087
10.0694573440605
1.92738824432673
3.47048226338805
0.297313009155256
0.0286642093359481
0.393494002460019
0.0178319318695122
0.00364779790386764
0.00157796376270267
0.00104906134299303
0.00135558705390657
6.84517257761547e-05
1.05180147708149e-05
1.10803018831108e-05
2.86243979948686e-07
5.44783324644206e-07
2.71341993647926e-06
9.90433453804161e-08
1.56196101377393e-07
1.87170589712068e-08
1.28882483198587e-08
2.55174856815394e-08
3.3163021870003e-10
1.69930723353016e-09
2.6944247850293e-09
5.07813256045856e-09
8.10283930819229e-10
1.05555996252224
11.8076365779873
41.4720935388083
0.0849202467908482
6.37129592860318
0.0525372697033777
0.0838817551396293
0.0454899246209527
0.0125671512925564
0.00104908162174346
0.00468448375684375
0.00620019954265982
0.00201612459069677
8.75417103284523e-06
3.57524111104576e-06
2.13257823310946e-05
8.10436170782274e-06
2.19871031046461e-05
1.11951572166223e-06
6.22385267229085e-07
1.8356723262521e-06
1.70604457805297e-07
1.04647671837782e-07
5.03123847835809e-08
6.25317456176977e-08
2.2036460850925e-09
1.477751565951e-08
2.00245812819239e-08
4.96223629872650e-09
7.00122186762181e-10
1.68072989120846e-11
