47.086127770599
11.4037840001022
21.1988613419614
2.62936801339958
0.397289046737598
2.27824857116364
0.00289163648606526
0.00199411732179911
0.000483973746159577
8.12180954469326e-05
0.000863389745325185
5.71719161750966e-06
8.44465754003951e-07
3.37303739516188e-07
2.15760345525235e-08
9.46433470152145e-11
6.52750616110053e-12
1.04891267975749e-13
2.51887367470297e-12
6.1254169795799e-13
1.18203938869924e-14
1.93267617424599e-14
7.1697010683112e-14
3.13847039879542e-14
5.43243715159753e-14
0
0
0
0
0
0
51.1287565864623
26.606111828826
2.90979841304401
0.278969114849218
4.27377122438318
0.757435980456395
0.0192543283161552
0.0136016426058834
0.0068691181945963
0.00202745794577309
0.0032689373902467
2.50870871646206e-05
6.8453218682689e-05
3.62170193795996e-05
1.42237327019566e-06
8.90749709363825e-07
1.5298642504008e-06
3.09444630573847e-07
9.5997894640207e-07
3.39229806388777e-10
2.56045903530549e-07
1.16915096732014e-07
4.80962574756774e-08
5.99359621052535e-08
8.16564205431729e-09
2.73589211481154e-09
5.06327897165902e-10
4.88743228453374e-09
95.1396503672004
9.98642204052239
4.7210331839646
0.124963203409728
0.0214765495656592
0.0054025556383852
0.00078168707148345
1.84337346214789e-05
0.000179267190291894
5.48708485498919e-05
5.55410754648609e-06
2.10621447419352e-06
9.01927537323083e-06
1.84524659210137e-07
6.59238309505232e-07
6.26085532983557e-08
1.07352034522661e-08
7.86758890329594e-09
3.17677835391245e-08
4.75692438268064e-09
9.45324403022281e-08
7.26129988913419e-08
4.16749945340068e-09
8.40871143118831e-09
9.83829145612509e-09
1.01673972793475e-08
1.76028628051170e-12
1.79352405257419e-11
3.99647404314363e-12
4.73852835819661e-13
3.5204363884367e-12
41.3638755399734
1.94879103469121
27.9152007080744
3.80421529271223
0.43133166336706
5.94724086058086
12.3219521197038
0.565105933279122
0.164085580795275
0.527334746373257
0.00773662885340289
0.001178563915098
0.00170117075215358
6.40608392170855e-05
0.00016418017414154
2.06775341141404e-05
2.97732554639602e-07
3.43321223101628e-07
3.78516897145546e-08
3.50846244621723e-07
1.50755072928329e-07
9.71111899467478e-09
2.25947946450918e-08
2.5157518789976e-08
2.99555111015192e-10
2.46057648289474e-11
6.99804217120753e-11
1.2849161186859e-11
2.07898312156256e-13
3.74701815689898e-12
75.6476321758237
8.38324793660437
1.15529656086993
0.684442964061494
0.152770398415461
2.55432071505272
0.411523303053417
0.000798277298068634
0.00631915825160965
0.00156783720880878
0.00089118817511602
0.000124715190056148
0.000262875725193934
0.000646232551470351
5.64966908354944e-06
7.831769328469e-05
6.86495357856994e-05
2.02419187455211e-06
7.57649340635714e-07
1.73346440540508e-07
7.26494060512149e-08
8.27243646571628e-09
3.14194162228634e-09
4.0110215734271e-09
1.90155459616637e-10
2.92435857820223e-10
2.54537198569629e-10
5.16838142900743e-10
1.05657352753555e-10
4.93439026677317e-11
1.35187531944285e-10
5.71024018526077
28.2490673675564
55.5673393993009
0.385293100517124
2.33453077634919
1.45448552693572
0.195335809014873
0.0813934748236695
0.00741853536112894
0.00198969781336054
0.00361444795551314
0.00877059523482729
0.000507973905873376
5.10287086867516e-06
5.3672504390781e-06
2.05343013287175e-06
1.50159204857884e-08
3.70320451081316e-07
1.64193462290104e-07
1.67461913687519e-08
3.79143030215611e-09
4.89746543147015e-09
7.93277611489468e-11
1.68407993739732e-09
8.26214271213292e-09
5.66491753743568e-10
7.08949782506034e-10
7.19726469463612e-11
5.25484319448406e-11
1.03630300664714e-12
82.3802771188784
0.484157432669312
0.716400920738398
1.80537330439505
0.0387085253259899
0.673666270779461
0.673123346356444
0.0355446258883173
0.103716217711218
0.0811404204955714
0.00705317875426625
0.000774601401914633
2.94098513999913e-05
3.73653189059091e-06
2.23694478120798e-05
3.07649252707452e-06
2.24344063100541e-06
2.4659613549062e-06
5.26542176007674e-07
1.304843361109e-07
5.27269591749923e-08
1.13452125875441e-08
8.81902294387691e-09
1.13026670682925e-09
3.55120083799763e-09
6.16774877011269e-11
2.61028096525718e-12
1.39948508294906e-10
1.82541233295146e-11
2.27984058929652e-11
1.62738930015371e-11
24.7967344336212
33.7517014605522
17.8169525817908
1.49968574624067
7.017470570878
0.00922520445413544
0.0228622396007902
0.00884537112141859
0.00553061172528423
0.0429722407109553
0.0193571366742935
0.00523139775396675
0.00182692174448485
5.27998840220553e-05
0.00149697219969752
4.02827989464091e-05
3.30005756509713e-08
1.15569506149256e-05
2.24175668620083e-06
1.23795731164277e-07
4.1704261872067e-08
2.58337510730536e-08
3.6536209948734e-09
1.0840670374779e-09
6.22981027892612e-11
1.29259654093765e-10
2.18450774893335e-10
4.61150312049513e-11
3.34131466286959e-13
4.62930150368035e-12
4.10657802239558e-12
20.852740048198
63.2823874644758
1.08924962740217
0.952698020722112
0.456949431386414
0.11928876321347
0.235264653304599
0.00508082512613731
0.00626175464068087
7.20664975302429e-05
4.86589139031391e-06
2.15946484812839e-06
2.57203904718843e-07
5.82257472699812e-08
1.17847243906597e-09
2.71495244855878e-09
2.93668763117866e-10
4.0873339058348e-11
4.08584604586125e-12
2.6847726290457e-12
6.27034899417767e-12
1.14874780841615e-12
1.64326383707585e-12
1.79348256277557e-12
8.6820569206023e-13
4.85904664485744e-13
1.39398439210869e-13
1.23967064950084e-14
2.59122398510653e-14
4.46171028237234e-15
73.5112730879337
21.8771635287691
2.27257098751025
2.15379527496739
0.0788399671155344
0.0564771061004092
0.0121703927161126
0.000687723061125451
0.0134049173884334
0.0114489616323339
0.00883227686264355
0.0023677007971958
0.000451475975867318
0.000198415246429985
0.000249492589030194
1.59991241640434e-05
1.33516968877374e-05
2.96124455494143e-05
8.46557640675432e-07
1.6508768374941e-06
7.20662623491401e-06
1.00553217089067e-08
5.28000626296535e-10
1.34203273629315e-08
1.22817635744872e-12
1.5566732224016e-12
2.47037544608983e-13
1.47149800950324e-13
2.01101010003656e-13
9.64137993753455e-14
0
96.3107266994193
4.48016881904148
0.114150952064496
0.0262772528119736
0.0674932573563004
0.000743141813847402
6.91967558333756e-05
0.000159220539918386
0.000161310237962417
1.36086163871572e-05
3.27136304949375e-05
2.94220091656759e-06
2.32352147863908e-07
3.8587106921712e-07
1.10514306469411e-07
9.11357788387574e-08
2.79800571467215e-09
1.49394975636593e-08
4.60341340192678e-09
3.50749859373691e-08
2.84734451924711e-09
2.27391408997639e-09
1.94016862116892e-09
2.10094519325356e-10
2.18857673748205e-10
1.2485724071298e-11
6.60851542455378e-10
1.00836785768294e-11
4.73152182407237e-11
2.20087020228268e-13
88.2529795020819
5.93428503924386
1.07588960556242
0.154829630564118
0.000808623857644637
0.491389304850813
0.0747735912033528
0.000888489911801276
0.00279159872604582
0.0112347858289291
1.31139117302218e-05
1.06810182244736e-05
5.95988491120387e-05
1.70971164133338e-05
3.31012226611798e-07
2.16424730611965e-06
4.40529464469997e-06
1.46685392563342e-06
3.78313618842385e-06
1.15637397307986e-05
1.68986269515415e-06
2.71490501305384e-06
1.01975437863076e-06
9.50844348299293e-08
4.69432209883125e-08
3.81866378363034e-08
1.06327155342501e-08
2.43721365242837e-09
6.91258866803251e-12
4.69549947732372e-09
1.15848427484827e-10
