69.3716133597773
1.25383868492097
2.6820858716267
0.371197943494043
1.76987707690589
5.24136140004122
2.16235891067397
3.93644237858068
0.032465544583069
0.0312551244486417
0.00652922693170984
0.0501434306053056
0.0902689600532624
0.000205539100066743
0.000219180568320444
0.00010088988898601
9.85053154511513e-06
1.30084330250167e-05
1.1793305421572e-05
1.36694868395991e-06
4.26221771123313e-07
8.78181908772443e-09
8.7851914123022e-09
2.97322978978199e-09
4.97437405125254e-09
2.32965412824223e-09
5.74142967955187e-11
7.74426903895273e-10
1.3020610841204e-09
2.1311477085623e-09
1.4394524474658e-10
84.2060219272971
3.64260809109812
0.127558485917132
0.0049374476812838
0.0173462093661181
0.00152526867405329
2.13880224363493e-06
2.99203647498391e-07
7.84440338723405e-08
3.19838960754298e-08
4.07597363939288e-09
2.08009243869344e-09
6.09911223717195e-09
8.11525331898875e-09
1.15636992829329e-09
3.55776275603995e-12
1.06427900048834e-12
8.61730627346586e-13
3.75125153786989e-14
1.28390439116833e-14
6.37950269807164e-15
1.40330754697653e-14
0
0
0
0
0
0
39.9772551236674
40.9986892256373
14.0128966374039
5.72936895995626
0.479933046421358
0.799676285196655
0.00209664072149089
4.71738915441301e-05
3.59651426539069e-05
6.14018601200708e-07
6.37008805172211e-08
2.35835561992137e-07
1.36166755553584e-08
1.23246227008928e-08
2.3756258591039e-09
1.20245809039978e-11
2.54735688633772e-11
3.50458707903399e-11
5.69419181548987e-12
6.99193983782933e-12
1.85163898202916e-12
1.11246830038646e-12
2.84410129089313e-13
9.14622266802498e-13
8.79971345420611e-15
1.21867715495533e-14
1.37538726878216e-14
0
0
0
0
62.381640144391
8.4907165018411
5.88003631772631
0.0326804215375794
0.214793644975549
1.42587904233362e-05
1.19281427174007e-05
6.14494960337221e-05
1.5416355937781e-05
1.5447536558695e-05
7.41166041112077e-06
5.47193826007333e-06
4.04195763858842e-07
1.59896993135733e-07
4.67367340737818e-07
3.64141474187908e-07
1.10616119694778e-07
5.10152659306364e-08
1.79868180031587e-08
7.87596206866809e-09
1.75112432514543e-09
3.95960201366426e-10
7.20926540555502e-11
6.09440443330676e-11
1.72533146478309e-10
1.42209547947089e-11
1.82886019150322e-11
1.07952281046327e-12
1.27193715535182e-11
2.96810279620285e-13
4.29534429009072
4.60359196194785
57.2672614955841
0.999182349171936
4.3392670689039
1.46073477687382
4.24559848772842
0.0132116028673214
0.451485718562434
0.282012063169479
0.969517676537562
0.8289199392483
0.978462944155593
0.0906787942003508
0.0567925784985163
0.0413381769583415
0.0139774862332263
0.0493289109492501
0.00281798867008357
0.00893630344335876
0.000535454827474685
0.000935437601036971
6.72901181252223e-05
1.10390246620736e-06
1.03257006613644e-08
8.89354311506398e-09
2.50151923820863e-08
2.63620495508244e-08
6.5130355733783e-09
1.12757770677145e-08
3.47275627765572e-09
32.5138596864417
1.0123458422449
1.7519609343612
55.0364885621631
0.365970315476855
3.8545766719996
0.0607641849093295
0.384423227719409
0.00635447821464628
0.00517185912841335
0.00805777587015286
3.37059884391776e-06
1.11853119934248e-05
6.66863880039056e-06
8.6063175872476e-08
4.03940458047124e-06
4.39236027639768e-07
2.36124044837109e-07
2.0450899273593e-07
3.82455798101612e-08
1.44174792708853e-07
1.66033801124641e-09
4.32190778246366e-08
8.3897944095109e-10
2.39942434090644e-09
4.66242077918637e-10
5.04282946077151e-10
5.43007663348392e-11
1.21952578553577e-11
2.18892089781286e-12
30.0863577374257
56.7098182901545
4.49890044398636
0.273823794398922
1.30108752966648
0.631716064229935
0.22566015864933
0.0689141747975895
0.0292211962610072
0.150225069674479
0.00937376340218022
0.0139869312972314
3.78695361309377e-05
0.000350460588683893
6.59712446946967e-05
0.000437452919586272
5.37259946417389e-06
5.77941731436532e-06
9.80508827606194e-06
3.72424250500148e-07
7.62691420313345e-07
3.96144425303989e-08
3.2940117490668e-07
4.25466399448902e-07
1.27993275283649e-07
5.94101394159161e-08
1.57989793898805e-09
7.60823020346631e-09
2.61319567646509e-10
3.1716967039626e-09
3.58408471027246e-09
77.3990002367646
3.4055025083882
18.9484774024275
6.46568181312233
0.374222822930083
0.323427773169841
0.0758613991001322
0.00231581017608034
0.00096296361173145
0.00426907715693179
0.00022154964995111
5.89385131355071e-06
1.89603349116551e-05
2.40816282632832e-05
1.36098597477888e-06
5.60983935966137e-06
6.52840830431836e-07
6.88739802313565e-08
7.64605565170542e-09
2.90721423503155e-09
1.18811837811117e-09
2.71269865364727e-09
1.9166570494122e-11
6.06340037681582e-10
5.26363862489135e-11
7.99895296450411e-12
7.65120707014807e-12
8.75814094480597e-14
4.97978175593856e-14
1.32606740131585e-15
9.62462322436711e-16
64.688789954409
8.03802676720627
8.06666903862432
1.00903488296976
0.022919899762786
0.171605471001797
0.000973363152837502
8.27929021584863e-05
0.0012686596274543
0.000393665899120651
7.38389426369139e-05
6.12536955516174e-05
7.15486276356948e-06
4.56057867086522e-05
4.00348508639837e-05
1.30772795389755e-07
2.41249606307809e-06
4.05742066617114e-06
4.73208640668643e-07
3.47023669733794e-07
1.01927943071459e-07
5.31674401818116e-08
2.36861765272779e-08
1.6427692439015e-08
1.45932657622389e-10
2.84683926874478e-11
1.48389952406828e-13
3.23986068204627e-13
0
0
24.1443141354248
51.2662748956892
9.96443221971158
0.379993451860778
0.158511815302692
0.0537253494844219
0.0221176747619011
0.00420775017320277
0.00625671061687457
0.00012222524269908
3.92560182330866e-05
2.86683262912213e-06
1.59796426882757e-06
1.13776611268293e-08
1.43439020140835e-08
1.36724055324866e-08
1.68187151849671e-09
4.74908188112829e-12
5.79867748021747e-10
1.26483297037731e-09
3.00606736531561e-09
3.52637510424696e-09
1.45865537825835e-09
3.3193438284238e-13
3.26983625815859e-14
2.47428673576805e-14
0
0
0
0
0
33.5297128558159
18.0400565378026
15.339762897873
11.8098382601452
0.822293955796715
0.139295790629333
0.130127168549649
0.182950045166758
0.00386896938739971
0.00155266064690364
0.000496212238224946
1.41418962750874e-05
1.30019578879139e-05
1.43668657239943e-05
6.62565759012438e-07
2.42570575234034e-07
1.32459666991857e-06
3.52140974679632e-08
1.02453275847789e-07
5.80494736473454e-07
1.73584112219183e-07
3.91331290052722e-09
3.84244205239058e-10
7.98572809854416e-09
5.1604851920714e-10
8.47583636831866e-10
4.63539891832697e-11
4.33685203418229e-11
6.13367838744295e-12
5.47935611742959e-12
32.1983643083367
45.8100598921488
4.20849531171065
0.325590164188941
0.451812298844022
0.00462354342421443
0.000344057220082018
0.000222300094756922
8.4404733185759e-05
0.000301971108117341
9.32631050640868e-05
5.13211345203446e-06
2.12430486166029e-06
3.09665382264008e-07
6.03235778063686e-08
3.63189739211548e-07
2.61934255282516e-07
1.25198362412334e-07
1.05393421617117e-07
3.73702126745681e-10
1.82473026191041e-09
5.4907492070531e-10
7.84628796286916e-11
1.28810874477225e-10
3.98525704665635e-12
2.95259506785772e-14
1.95595832491506e-13
2.80826228322117e-12
4.16459786821735e-13
2.28334945553561e-14
1.18791178275751e-13
