11.5372063424438
27.6308643413271
5.90811509481256
1.78155042799406
2.83696852286848
0.734325416687311
1.14870977523244
0.128360618172707
0.262589387053376
0.0239334099067856
0.0072399959846608
5.1058936727175e-05
2.59948717188167e-05
2.29881335985985e-05
2.86913855282025e-05
4.6582119179529e-06
1.04467601383376e-06
1.75625948868581e-06
4.62222111401952e-07
6.80249278881487e-09
9.97273090694491e-10
3.25530413950886e-09
5.96162676841118e-10
3.0999108852004e-10
5.87388845697052e-10
5.93293196994914e-11
9.72305927420326e-11
8.21382140038317e-11
2.46457137616746e-12
2.73655161009911e-11
5.51690863479618e-13
45.7941337691154
0.356430131887663
0.551579173643672
0.771487266225549
1.64477906236765
0.785571247867944
0.997648427039306
0.0409033322074356
0.0352146996517569
0.00181614470136393
0.0141933268757943
9.86377974032846e-05
0.00589818657484419
6.97177934976059e-05
0.000100441862674831
7.17235137900496e-05
8.79361229890872e-07
2.50835822446494e-06
7.19679166582454e-07
2.40010069150107e-07
2.59461516504014e-07
2.22540829684314e-08
7.96839325852694e-08
1.69544597733662e-11
1.6670502091005e-10
1.61613959317998e-09
2.6575595353956e-10
5.3779842340306e-14
16.5958062275313
37.7830136313097
5.08702815516753
6.91206155698322
0.298609832274718
2.14630910134363
0.087468154798656
0.000477601640504615
0.0159954156814712
0.00564886394520113
0.0336059157634311
0.0272267487414844
0.0064939615195773
0.000171394824076863
2.58579012708279e-05
3.78401643821347e-05
1.07900217010851e-05
2.66315622057413e-07
2.49270667924476e-06
2.92427381312725e-06
6.05439559138965e-07
8.63052430286424e-07
1.22014174781429e-06
2.28079707209005e-07
1.49918797240671e-07
1.53563614609231e-07
1.23001531719938e-08
3.81156075517095e-10
1.02466418279097e-08
1.35902006297195e-08
7.54115186488164e-09
2.04279519966803
31.9993919696871
28.6413941762945
26.7896950436677
0.0307368603533043
1.52287833861306
0.811592894612611
0.810119507410425
0.225581531183228
0.0314522020288085
0.0624578746906726
0.0254467507172769
0.000854722852232816
0.00282292940636979
0.00244259201924487
8.1772058458761e-05
6.09163568700067e-05
0.000177709453786127
8.85123508673664e-06
1.8336000724642e-06
9.84325497684771e-07
6.26135968060599e-07
4.32354463324541e-07
9.65992739283461e-07
2.11031327513165e-06
7.89796612280044e-08
1.03747500643544e-06
4.32236994410274e-08
3.05642473508571e-09
2.35485902661569e-08
96.8097888515331
6.8442918507572
0.640948626163075
0.430809114609805
0.170441794607663
0.0565528966344868
0.00583496875090988
0.00927376385795409
0.0286953590410552
0.00244796554889944
0.000577527253191636
3.63781877812908e-05
0.000189056936168912
3.11590462089839e-05
1.94833701275923e-05
5.33206259289032e-06
5.25120074572709e-05
1.19317354991739e-06
2.09974910872477e-06
6.19243946510853e-08
2.51099654743043e-09
1.64396211014417e-09
1.6869400159339e-10
1.00121174412293e-10
4.89780536405672e-11
9.32233276907904e-11
2.03437891095302e-10
1.21679019259669e-11
1.28266392431779e-12
1.06614717168574e-12
2.62368317785709e-13
77.9355577761307
24.7957068378631
0.047565922842692
0.126387366488433
0.0888710046045872
0.00233656835415558
0.00179970801005551
0.000373179552733538
0.000140302344575429
0.00107778482695513
6.10462948350023e-05
9.24671812491445e-07
5.25260063706597e-06
0.00011389408759868
1.07520558625493e-06
6.04049241399278e-07
4.83469774079285e-07
3.39368784908493e-08
1.74507798661533e-07
5.46434848245579e-08
4.44756215740398e-09
3.11733542621602e-10
4.16381674787204e-10
3.9515279084055e-11
8.04272843404621e-11
8.795947764228e-11
4.44557399080648e-11
6.78370941694921e-11
1.12576787169145e-11
2.91490728543073e-12
9.70481454720721
18.7827099127682
50.6634447423322
0.969749335117776
3.02207540683736
9.1492322183163
6.14743709092593
0.606014161307391
0.680948663669642
2.0613971247215
0.152800340561767
0.0389163771622774
0.00452127874379465
0.00689620182439368
0.00874664644464755
0.0002282112931436
2.39578082317584e-05
3.77382117061511e-05
5.73463716981338e-06
1.73294650402858e-07
6.51703113350685e-08
2.50431015030238e-08
6.58312794363723e-09
3.67232902583898e-08
4.38275020814708e-10
1.98039656090288e-09
8.52405680404715e-10
1.02342232081237e-14
1.23192795064196e-11
2.7567557415875e-12
2.20032934072989e-12
34.0240300490987
54.7686105254087
10.362815485756
0.0258705647856177
0.409478641473537
0.255671857250185
0.567352751804015
0.411543391921355
0.053472787081562
0.0758497013163046
0.0322768718379312
0.00629771875248661
0.00281314777910299
0.00149224744678534
0.000357434536711015
0.00144950333793175
0.000151892569561551
0.000285389369512192
5.49767332770463e-05
4.26337159360427e-05
7.70750832109594e-05
2.88178588679701e-06
3.70113679928521e-07
9.25071288739888e-07
3.11428508520954e-07
6.15654084761917e-08
7.62635089174809e-07
3.5632889306026e-08
3.01076547499654e-09
7.65654793741241e-10
7.94957496661654e-10
1.85716499760747
59.9134556055645
6.45226030092747
3.31592195933486
3.28321589046514
0.619666281057228
2.45844958818
1.96157852708
3.66146312335701
0.462072783592538
0.00726573247897407
0.0051748180672373
0.000154312029512753
0.000549754531909485
0.00138750906239963
0.000199777744593593
1.75343677193102e-05
5.51787746952147e-07
5.42454365196093e-07
9.98544453054117e-08
2.20122810584006e-07
4.31882909022975e-08
3.75694263875267e-08
3.52840567028687e-09
1.71223506499184e-09
6.50362090752856e-10
1.33402567627917e-09
1.90152582630196e-09
3.41384037924874e-11
3.92469278171399e-10
48.3414871487767
9.88117663745331
18.3092067776697
4.91986591032734
0.240160728395185
0.097750590525012
0.0963970471725752
0.0809660102872137
0.0138389529197009
0.000244236130949547
0.00110039804126824
0.00810286505271469
0.00566675428371566
0.000568115257990375
0.000664832625842579
0.00157644277100713
0.000454311033325135
0.000162691810455025
0.000337067858879899
0.000209569219341272
5.5826573107347e-05
1.34996237504131e-06
1.12848407967544e-07
3.09237452270764e-06
2.91593136402469e-07
6.48890515697226e-08
4.18112672284614e-07
1.27040746159073e-06
3.85857877018895e-07
7.29983992136649e-08
1.53836585172659e-09
50.0431011370383
27.6748850120424
7.724390924405
1.10523091209861
0.275449313389931
0.0928111169499606
0.0696618835708556
0.00471656506129473
0.000878807008971898
0.000833337133791863
0.00128013330287628
0.00148335905583334
0.000131574579887812
0.00493356693059989
7.87917382725644e-05
6.56816982042631e-05
2.68777952342151e-05
2.81468828481852e-05
8.91449349220803e-06
3.29636958062584e-06
2.37877136677843e-07
2.09521195970715e-07
7.78659224223988e-08
8.97587509746249e-08
1.32918917248308e-08
1.54205712464071e-08
8.79307109757702e-11
1.17121275935079e-09
1.7188839764551e-09
6.84393199458131e-11
44.3798996787518
12.2856429430512
2.93007240086551
5.11913560013252
0.137782181590698
0.0188026263350264
0.059054189942384
0.048932479720989
0.0109549124772291
0.00348800226897064
0.00181806476178955
0.00211752695435212
4.80154436932568e-05
0.000732235991128842
0.00110676704512
0.000379004362097864
3.33207901413411e-05
1.98853714130642e-08
2.8376328481721e-08
5.23649678183523e-10
1.96593268933475e-10
4.30112917137623e-10
3.64359473404922e-11
4.80225308779016e-11
1.74548522566112e-11
8.38295466528339e-13
4.8496843908495e-13
3.56510252165339e-14
2.22762471171181e-14
7.47029313252556e-15
6.76360230820986e-15
