37.8661417057738
7.22001055485909
4.90160551015724
0.792598164495063
0.369388403792712
0.660526841310961
0.0648107801575648
0.00141776812790928
0.0164934482850055
0.0886397631046534
0.00407860378902415
0.00638297713701423
0.00536362593132148
0.00231791437353374
0.000137453830495423
8.12830005711304e-05
4.60160917406259e-06
3.1062219023328e-07
2.43752936576313e-08
2.4286668911799e-07
1.48324581340966e-09
1.20859629682483e-08
6.12170435543126e-09
2.58040321542049e-09
1.80978471607169e-11
9.91651845756387e-11
8.70310999681844e-12
2.02717945827414e-12
7.935443197878e-13
2.31422298206174e-13
2.66815629728897e-13
49.7995834671892
5.12058518283415
6.3646301806686
1.77063166366902
3.7133005589797
1.48314536155073
0.14228741946076
0.172881552024891
0.304410922216457
0.00407002683986527
0.0772107910701677
0.00727353614779857
0.0314158134371838
0.000435664812979751
0.00513198753258438
0.00300462618497511
1.14782491661539e-06
7.39419292973756e-08
1.85760183917298e-10
2.24558511643253e-08
6.56562139688567e-10
6.13948199334247e-11
1.87357136506882e-10
3.52311843086262e-11
2.58668699921326e-11
2.75228210888957e-12
9.55023689708305e-13
1.31208753429192e-12
87.5749134817161
1.12346812370897
0.240512536183683
0.0582288598781868
0.000818542052313955
0.000984636914932453
0.000687287924618218
0.00034298184694907
1.42682304406376e-07
2.25321406390152e-06
3.56445691723062e-05
4.44116347980002e-06
4.04565342531341e-07
5.51725831288545e-07
1.00424054917114e-07
2.51963562048066e-09
1.94576837802505e-10
1.41336744197343e-09
1.42671488726923e-09
4.54312781708438e-09
1.33027414477855e-09
1.90663528035389e-12
2.88618860395607e-13
3.67356653976973e-15
6.20294002388867e-14
3.44724466330653e-15
6.05088313055621e-14
0
0
0
0
29.90955035761
25.2959633692444
16.6470745522456
0.287768270478308
3.0905908529425
0.526773280708226
1.26771864391812
0.57696909791144
0.258261058380154
0.0553095559010921
0.0175384990518622
0.0347812449335783
0.0173432590237498
0.00511892768301872
0.00711451971352406
0.00160479934581542
0.000448088067092661
4.61036213355214e-05
1.29204531228056e-06
2.15134008510397e-05
1.67073772169172e-06
8.91769283762383e-07
8.27583619984724e-08
3.34448920136063e-08
8.16215496942225e-09
3.07917400838675e-09
6.00403244188423e-09
3.26411556511033e-09
4.73773563248524e-09
5.12684977054974e-10
45.6515034020413
74.6910734884614
3.24912233074502
1.3021896855127
0.0940416458001825
0.00914715627031904
0.00029686915690905
0.000778877915835253
0.00019118958850416
0.000995966428699296
0.000615272258152943
3.55188856880969e-05
7.95358765482371e-08
2.34884912991149e-06
2.17315590085244e-11
4.23555646120889e-06
1.36745072569302e-06
4.2983735707903e-07
8.87307210704278e-08
3.85582047755394e-08
6.63561056073259e-09
1.21257661927908e-09
3.24082285205446e-10
1.67567536481691e-10
4.39605891237141e-11
2.01029257400649e-12
5.28682450505804e-12
4.3879411881293e-13
3.13350917544268e-12
1.79921332391872e-13
1.74008400206936e-13
22.5282683745027
64.9516362481884
0.370794052471608
0.869839129444948
15.2062970559497
0.0700887494229835
0.00107111771842754
0.000576065079379917
0.00131030985395323
8.50855073578882e-05
1.5242554198232e-06
2.20999326711052e-05
2.83349920124527e-06
3.47004547947941e-06
2.42186945229306e-06
1.16581138206116e-06
2.4344148136068e-07
3.4495845143589e-08
1.20046080922893e-08
2.55853857797409e-09
1.76747773705462e-09
1.14283535887695e-09
1.00370580018288e-09
3.22720449721462e-11
4.64282307725813e-14
5.40252067581944e-14
1.36884835541648e-14
3.27864805572892e-14
1.16249054292512e-14
0
5.44615834578872
9.78928176026071
36.7873296762907
2.28241981481312
0.274637116143816
0.711449498968091
0.456757489259031
0.0229590781849502
0.110154356731856
0.000214570458023132
0.0509153862478726
0.0106818422558599
0.0353321998957131
0.017203248466222
0.00434790424855651
0.000134898582424248
2.01136395722821e-05
6.5813865865165e-07
6.68670912335225e-07
8.59925652735755e-07
4.54006259342302e-07
1.96233267778541e-08
4.07093051568105e-09
3.46190992486413e-08
1.95864314886192e-10
6.39898209654583e-11
3.76591325793109e-10
5.66367220674302e-11
3.05536031125338e-12
6.57799409714565e-12
1.74104564284263e-12
31.7742431201041
14.7401923887503
0.90546609492761
0.469412107846972
0.00224143105478885
0.10472319760982
0.00342837235823493
0.000290927743209408
1.54467143952306e-06
4.0241822253192e-07
2.94871442248338e-07
1.10070571260456e-07
3.43780179725897e-09
1.13265954328929e-09
1.2727068534476e-09
1.99431770760276e-10
1.2812042478856e-10
4.33577734557361e-10
9.66279597773812e-11
5.4867649102626e-11
8.07254182069593e-11
3.29676033110987e-11
5.95337362683763e-10
1.77539336942955e-12
6.81326379322764e-11
2.27521315747628e-12
5.41060666988243e-13
9.04876342346889e-12
7.74439213848081e-12
2.15572599329771e-12
6.29066072051322e-12
62.700806658715
3.32446841734726
5.25430836426669
0.312401734625644
0.36706211652256
0.0237089189741053
0.000568882312772997
0.0088903171763458
0.00430178523850875
0.00204661544131619
0.00119300669243796
0.000130300153961413
0.00011008313693008
3.29423745667683e-07
1.04290975838997e-06
2.59669413209593e-07
3.71233147925582e-07
7.8983979315384e-07
4.86774791321833e-09
1.22781564480282e-09
9.37610766108021e-11
1.12580742379824e-10
1.05669083185734e-11
1.24912202261788e-12
6.09693286796503e-12
3.84975250193894e-13
9.95576247137865e-14
2.16738509649438e-13
1.31276373310142e-14
5.53886758753694e-14
91.1298015173525
6.93456432118633
2.8756261912395
7.5841966260781
7.85234223866538
4.88765203695592
0.696259252843882
0.00575004486812073
0.0010213382425089
0.00414347908084154
0.00925874298027297
0.011593292812711
0.00198850715957751
0.00161040068422637
0.00332482411516754
0.00017298770752041
0.000275780575051304
0.000229887701364375
0.000114444689739057
6.10489149320836e-05
8.14238989761319e-06
5.99393853752975e-07
1.97819742418305e-06
1.34956819007712e-07
4.543309961456e-07
8.34702130833173e-07
4.42804559665832e-07
4.94431613046924e-08
3.80330291484745e-07
1.60539402410923e-08
5.37448907673234e-10
52.4706942453049
2.66093378379081
14.8526223371163
0.582795431844052
0.918732328135145
0.712448947715861
0.745989351796178
0.0154114667598942
0.0344347032425043
0.00211667921875114
0.000845478449727745
0.0018638199581178
0.000130891008300648
0.000684569361347958
7.73277199000597e-05
0.000151887208367798
6.03508434070074e-06
5.3555948355362e-05
5.41776634803859e-06
1.01501483258261e-06
6.45703962153734e-08
6.46169443370468e-07
3.80396679824295e-09
3.17838958852901e-10
1.05563624025484e-08
4.95398120077654e-10
5.94804749456552e-10
6.44187179725842e-10
3.15971328921874e-10
8.23790531900018e-12
4.22122934833169
8.57541143307422
2.80107921386062
37.0892133512275
9.35624201897215
6.75074596635191
0.142892224804255
0.152903061222066
0.353150231859616
0.521767617573479
0.0236800403404316
0.00430271298682891
0.000705772532017204
0.00580940982957776
0.000456799203184916
1.88393119634878e-05
0.000187512824230921
0.000173224150678044
3.00668121284509e-05
8.63169855163301e-07
1.16783387982814e-07
1.838443925694e-08
4.84111980272697e-08
7.4723742329508e-08
1.10963333280725e-08
1.19925725298125e-08
2.43720070292432e-09
3.51745807199635e-09
4.09005138893649e-09
2.05151574785506e-12
6.49814311089376e-11
