5.42230925709009
10.361821115897
0.156881739409556
0.0367242230321623
0.00645598391149676
0.00169608891666645
0.00768230931397283
0.00584221082149707
9.33518159699791e-05
0.00011924504178644
0.000161108272127346
0.000139842643443315
7.13109075825792e-05
9.47477165237933e-07
5.40824473208938e-07
6.90733939522318e-07
2.83888566470732e-08
3.25314333890549e-09
2.99010053600294e-10
1.82581431406393e-09
6.95326337785356e-12
6.32900696236281e-11
2.43366434717381e-12
4.71543411004481e-11
2.21871980227251e-12
4.03849920104802e-13
1.02923068589654e-12
1.92937963066959e-13
3.55568813179146e-13
1.02410357821182e-13
7.74967628360068e-14
16.6597665487789
0.0386326216953523
0.352317463470194
0.329822506850146
0.538346382798546
0.506060472004122
0.185154178832152
0.0829182692710689
0.149534489303569
0.00502788796360712
0.0572835187179198
0.0318088798920907
0.0213613251937309
0.0344476818596026
0.00495527756173025
0.00248369800063892
6.78199341192476e-05
7.7210984174625e-06
2.98450231791631e-06
1.76184518625111e-07
2.74623451545832e-08
5.20688012378864e-08
5.42448173983966e-09
8.62026216952122e-09
9.82913677177252e-10
7.11186913078639e-10
5.63752449831229e-10
2.41073624206645e-10
7.98047698661685
20.1678008500342
15.0628963185673
2.55314384559295
0.665722636348486
1.56291749573895
0.00273815832745587
0.00325589756112039
0.000374587029055616
0.000396146502038684
1.55915137828913e-05
2.75893441712441e-05
0.0001735972964836
5.01429557469726e-05
7.53709508116565e-07
8.17888516568824e-06
9.73089526954063e-07
1.27884067475545e-07
1.2044607140255e-07
1.70325626005942e-10
2.53007722396534e-10
5.18255411995246e-10
7.07231104954632e-10
6.10009008887609e-10
1.36458238234127e-10
6.31482210721577e-11
3.29762437472202e-11
6.44175354108845e-11
1.62955012884743e-13
5.8231144490272e-13
7.49849548361015e-14
21.5854585375637
5.80410810224869
1.83955024394573
13.3311892554019
11.8954009316772
1.26776227696802
0.150209071949668
0.000920080367804434
0.121083567664387
0.00258685953008769
0.00171397466795425
8.06675512519511e-07
4.34900333440253e-06
3.76221327629691e-06
8.91090568645118e-07
1.80206640404212e-06
4.71209587514413e-07
1.56321863050386e-06
2.57915312926033e-06
3.29173585551867e-08
8.18301133606307e-07
1.97371037513424e-08
2.63477813216146e-10
1.26722065047025e-09
9.96954888001281e-11
3.96942129707646e-10
3.56819120217045e-10
3.44555898239134e-11
9.32199432973681e-12
8.49734177674742e-13
28.0789510195609
32.1535509213598
4.31948920097625
0.100926342649383
0.0421293275919718
0.239366375100874
0.0252621651132907
0.0248833710028602
0.00935769582554264
0.00488769205294042
0.00110933631755976
3.27437570888178e-05
4.30318932474829e-05
6.96901800513535e-06
1.54514064810326e-06
3.74754406760144e-07
4.64191659508614e-07
2.53395578805135e-07
1.09859455550236e-06
6.48434768455998e-08
3.07823642501883e-09
2.01771190045335e-10
1.90163459248417e-09
1.50493547187859e-09
1.49308820087948e-10
6.85721947221094e-13
4.78217810664588e-12
9.36702370874813e-12
4.08917571744464e-12
4.7029079348908e-12
2.79514385380334e-14
32.483535609208
3.48302282362655
13.3429734200292
1.26313586068929
1.17564614752425
0.0158519285619296
0.0279649575407924
0.126171623813924
0.0469525265458325
0.00790089075631021
0.0242654626093252
0.000353700372427119
0.00117726861564089
0.000449094950087876
3.04017117088553e-05
0.000444345242834702
3.06267378524989e-05
7.11371154262129e-05
1.36738017352836e-05
2.34586549618707e-06
2.42374583470008e-06
2.76498198136033e-06
3.2208146004863e-07
1.82382639658093e-07
1.79421552205192e-07
1.42471573329695e-07
9.03442509843506e-08
9.94177086065682e-09
2.77713401503427e-08
8.77075460938653e-09
14.7334652228747
21.9211231355778
1.25940563454366
4.49629298322695
0.116393171869248
0.0516746806663909
0.0766194076793415
0.144709625497908
0.197809232932951
0.000241267990886814
0.000956468608485827
0.00109054174497563
0.000206856956059655
4.63425903629344e-06
2.06492233733732e-06
4.09407469162703e-06
1.36566334625541e-07
2.75360041619869e-07
8.76126225118382e-08
1.80484600837516e-07
3.35587651832483e-08
2.32947727316126e-07
1.40192109248716e-08
4.45726653902875e-09
7.83713440462474e-09
5.18337939557127e-10
1.67952984768012e-09
8.10136706922335e-10
4.90546502937249e-10
1.24704903507692e-10
7.96494223234429e-11
49.7457699633669
1.18776315715304
0.0139596090628639
0.0438592224221013
0.00235622263099458
0.000163022227022359
0.00161952350612263
0.00435366750948347
1.22634228710898e-05
9.41111682375482e-05
4.83925684574633e-05
8.38785858043519e-07
4.30078590781806e-09
1.72882411849903e-09
1.12286274780699e-10
2.45293611391615e-11
6.21716336915024e-12
2.21064885687686e-13
2.37971409266209e-12
3.17676038526849e-13
2.98434396855721e-13
7.68174266718889e-14
5.83011948760161e-14
3.59002673512548e-14
0
0
0
0
0
0
0
20.2110504133161
5.06112617301658
1.37308250613905
1.92410558886948
0.139896272460664
0.14943069774626
0.0914493282170497
0.00911634058429039
0.029085785030821
0.00949202863642611
3.26203930729484e-05
0.000242477898215092
0.00124124655903843
0.000621068406779543
6.47274874036615e-06
6.45035257216475e-06
2.5099736657085e-06
1.10629065805832e-05
7.3485343646151e-07
2.14194963700507e-07
4.15708971363604e-09
2.88662774652715e-09
7.92461556440735e-11
4.33092643709336e-10
7.99340396198662e-11
2.24799171864086e-11
1.39869067205382e-12
3.37021602507413e-11
1.10062597862634e-12
8.52212621079115e-13
21.188586037606
11.8817031180263
1.72552205155684
0.00877525886586503
0.956004806373369
0.0609864037296193
0.082860444458396
0.0940019573493394
1.99013462952502e-06
0.00134282637876136
0.000186724860238192
2.15823807335078e-05
2.98602597393874e-06
9.10153521186744e-07
1.90931382391898e-06
3.83564271629162e-07
3.70687520617008e-07
3.3380210282534e-09
2.03030593095312e-07
1.41833026614597e-08
1.5675745062894e-08
2.16544368075123e-09
1.20096941601871e-10
1.47490726138977e-11
1.12523180401725e-12
1.89960943909036e-12
2.4939070040485e-12
7.31199278117646e-14
7.72675306347387e-13
4.25571115875416e-13
6.92012402701997e-14
24.995842743665
2.09419727913675
0.670143768648552
0.205380351852625
0.0228356905681055
0.00800226138845
1.88726619217798e-05
0.00354731408150444
8.00565147580199e-06
9.70240410381667e-07
2.02370248534718e-05
1.89388264027946e-07
1.85879933597464e-06
3.96690797192969e-07
2.27900272811002e-08
3.18133556774982e-08
3.73278444649745e-09
1.02118704774873e-09
5.4065801498483e-10
2.77870301435712e-10
1.09570312691498e-12
4.22226600419051e-12
6.86522438283406e-12
1.25909878483596e-11
5.95493992997425e-14
8.27766885820172e-13
3.90074421583885e-13
3.19213018473719e-14
1.40026835702758e-14
0
7.26005008304492
12.2294556525818
1.1847246284541
0.00801691547166925
0.260130479568166
0.000648171911740002
0.00028379533108281
0.0157587576069317
0.0237374457027454
0.0141534462203821
0.000827979044252257
0.000344324239407685
0.000901762631246758
0.000386491788533599
2.27739403203254e-05
0.000153674304905631
0.000279313064045012
5.68172839861898e-05
4.10439226554144e-05
2.03744325116655e-05
2.75750623907892e-06
7.78678768805806e-08
1.39508384301902e-06
1.1922837906732e-06
2.27299608851641e-07
6.90326069308736e-08
2.03198311889369e-07
7.32150959010534e-08
2.79333107861333e-08
2.18327643830865e-08
9.57827918926272e-09
