6.87896118778735
14.1041179722418
11.8951310878836
1.71231355437236
1.24360511760254
0.160703478883592
0.00115127025171095
0.00126848951643215
0.00162177119903099
0.000718201929937332
1.49097915802418e-05
0.000341077062423069
1.14133930577097e-05
1.61252335963575e-05
2.03153360463255e-06
8.1398054286746e-07
1.5730289629352e-05
4.12373928236956e-06
7.89539124620074e-07
1.82691361045518e-07
2.68821076691183e-07
2.84239025941295e-07
9.88110198038588e-08
1.71323701361659e-08
6.13032726903496e-11
1.94192503521494e-09
6.07338940756407e-11
9.33233072868475e-12
4.99056173514701e-13
1.69742910913603e-13
1.78692364787827e-14
39.3149765837006
3.20416481092317
1.20443872765498
0.85128612086877
0.202267968697407
0.0888476979258973
0.029227788415382
0.0235461231848858
0.0193954332705853
0.00241776525413016
0.0249536402044484
0.00842323972185993
0.0164800122165347
0.00120998905928881
0.00784514182263164
0.000166074605915201
0.000175611055468011
7.78822985031522e-05
2.29578149251658e-05
4.81449058373968e-05
2.03188209022809e-05
5.49047082139267e-06
1.78777185587746e-06
3.69927607842475e-07
6.62606164999825e-08
3.69418317450879e-08
1.35978482073673e-07
1.92904736922229e-08
6.28011527960189
32.0346145990599
11.6461394848598
0.0326236640156666
0.396089204529011
0.566276295321815
0.0168478392137528
0.0112826906814162
0.00603318109955916
0.00295584936964643
0.00671943091495781
8.90947109439316e-05
0.00017886698605159
3.14337719972646e-05
2.20007820869025e-06
2.06042976829486e-07
4.78577937572556e-07
5.62142045370231e-09
9.67058123731387e-08
5.38301270100203e-08
6.26094693154287e-09
1.08806390904116e-08
9.41373143246955e-09
1.02261892754183e-08
1.02131535417002e-09
2.33319499591744e-09
3.06519866442196e-09
4.92515117792489e-10
3.95107246239978e-10
8.96053290989271e-10
2.15656344584143e-11
65.9860977905337
0.391243356755674
3.71689061476125
0.126067548010116
0.293260976051047
0.250193933368042
0.067629302044776
0.08996062105951
0.057800184072357
0.000710148509250802
0.00173312020284218
0.0105194185930436
0.0050963895807454
0.00117734858874349
0.00138502515778954
4.93041745364124e-05
0.000140220511000812
2.41279794080107e-05
7.47337366719537e-06
4.27612148767217e-06
4.64085445498889e-06
1.32417940885198e-06
1.68647687803433e-06
5.41635031275083e-07
8.10043955202505e-08
3.33471535071935e-07
1.45335708407724e-07
2.75380301412022e-08
3.51562979258825e-08
2.29314269148007e-09
25.0770180942491
21.8750535422426
21.9258346796442
8.49210219583745
0.52199913554375
0.0219286983325665
0.0809836336808468
0.00209465659099542
0.00281495710654118
3.57315980067267e-05
8.99010578048678e-05
5.57464291193691e-06
2.04870142969727e-05
1.22181646394314e-05
1.85528557393038e-07
5.99438664915734e-06
2.63799951809288e-08
2.0100833224866e-07
2.17317813990972e-08
6.39840499063936e-08
1.15878249811416e-09
9.49340719997732e-12
1.61273480177692e-11
5.86647285872343e-11
1.92998934030986e-11
3.69272547182677e-12
2.02788843717598e-12
6.31111702357728e-12
4.05222830370321e-13
1.80420030791905e-15
8.49703631350558e-14
26.3509758517612
2.64622171089529
19.4750407651997
21.9912455122024
11.7304007951216
0.244309240334876
0.278262122739077
0.206330007827815
0.000759730037470854
0.0616320033043962
0.000153341449584841
0.00251134565218606
0.00897549522907469
0.00223470548654527
0.000426422679770002
0.000173324012268965
0.00027172002109233
3.57028269015589e-05
1.09816044330289e-05
2.1442246498095e-05
7.74751923259532e-06
2.42175921497507e-08
7.45072701326837e-09
9.69417626314827e-11
7.71688196740033e-11
4.35853457116141e-12
9.94432132723598e-13
6.93044378020712e-13
6.03526676791949e-14
1.07913629044325e-14
22.2097199596465
11.6152636450294
32.6838138945551
7.14842323937899
2.27765445105659
0.337441151808791
0.632905696229031
0.00755379601506171
0.0149756021595028
0.0721565845390085
3.3741812685963e-05
3.97549640724026e-05
1.22218696193948e-05
1.97712582954167e-06
3.70200753290072e-06
4.65892837270406e-07
6.81441005840713e-09
9.96494371378959e-08
4.54661251583853e-09
1.12486590276016e-10
1.59341367764753e-10
8.32658515716415e-10
2.90824956286839e-10
6.07481810623406e-11
9.97317315345672e-10
1.28431757860957e-09
4.3417844102304e-10
2.7949557610225e-10
1.48448935291338e-12
2.00924027419606e-10
1.7739820187907e-10
14.072127584368
22.8248412076121
0.367038543236245
36.1749332229468
1.66421380190037
1.84460928787984
1.50552506663986
0.80920547245922
0.533333633443938
0.0792135709672431
0.024496290302561
0.0678404570432775
0.0167991795472347
0.0122657979751296
0.00333872803568545
6.75484543234049e-06
7.1776993561886e-05
4.74531568401454e-05
3.22699858163192e-05
4.1708888256455e-05
1.16344610052283e-06
9.02198813438345e-06
3.73377251597919e-06
2.83164207733437e-06
3.65365235077053e-08
6.58199458491208e-07
4.05392065915061e-07
1.41744959870025e-07
1.82937625659392e-07
1.36354260791969e-08
3.04730741259184e-10
65.1023916769773
11.1253098762994
0.561263259107248
4.1626126004012
1.18507168893153
2.53645417503084
1.07846339627019
0.0557454986391693
0.0318266844450386
0.154085575344554
0.00382348362056354
0.000663346425321528
0.00218169576180298
2.3109833106734e-05
7.69295889805155e-05
2.95309791432102e-06
3.97706427848772e-06
7.30243111509218e-08
1.90504638113044e-11
8.27252299619508e-11
1.35525561138555e-11
1.90766247422622e-11
2.64567988994028e-12
1.9742520135444e-13
2.03284724217686e-14
5.6683195782719e-15
0
0
0
0
48.5028469380923
18.6150811600976
1.12864712859092
0.0875497693731061
0.575925703158263
0.0143104373957574
0.0601283218601741
0.000816146322508027
0.00730414663158397
0.00414901347766678
0.00197925775731544
0.000984703340454333
4.16414751934723e-05
8.75348955669927e-05
0.0001063262293761
1.30702707073926e-05
1.61585500748954e-05
3.08188285406423e-06
1.95119613643679e-06
1.35812979857964e-06
5.15156709323715e-07
1.4958210988861e-06
7.97617603947029e-08
2.52097140492153e-06
1.26391602253457e-06
2.03116101377084e-07
4.30808031867695e-08
8.06523946540456e-09
6.54654845841787e-09
9.77748743308763e-09
4.64366523234993e-09
32.3832576982677
8.91799302100727
4.89295017783556
21.1125203994461
0.599104221816111
1.36795412659848
2.29506254268415
0.363440858756347
0.000765103121996877
0.0213818065400182
0.0317682799471939
0.0136080566489762
3.19047906483616e-05
9.54408027527097e-05
4.90360380232987e-05
1.64130887647202e-05
6.65402425424354e-08
8.45093234530818e-07
4.99894205591569e-10
3.67571243631361e-10
4.99412100001685e-11
3.35917846414144e-11
1.13409384013144e-11
4.63051811545266e-12
1.16445638036315e-12
7.09718320557919e-13
4.70109738112109e-12
7.65840089919771e-13
2.16845308066599e-13
1.27438628551346e-12
41.2730899872258
5.46462983408365
2.63128830769831
0.614434190750627
0.00385692430819875
0.00637654031554366
0.00466350280942195
0.00142419037566089
4.02709194719904e-05
0.00019482624324435
1.37748575733427e-06
2.16732723750049e-08
1.75199682457148e-08
8.23969427958953e-09
1.43858217190677e-10
5.58414398626887e-11
6.60957078129271e-11
4.97078467856001e-11
2.86653290119908e-11
1.98683582127948e-12
2.21159081278641e-13
4.67919328235642e-12
2.94354341868085e-14
2.00813120657302e-14
8.16595085507142e-14
1.01271775496554e-13
4.35371538815987e-15
1.31564786804455e-14
4.37053376168628e-15
2.87682130828229e-14
5.89042608277652e-16
