43.6996114095673
23.6138853209528
19.9888176195913
7.3394354610641
3.17887915163228
0.103542478289748
0.0702451934250762
0.0042076374376996
0.000172419506992906
0.000962197591714746
0.000136293791120651
9.17765805106395e-05
3.96463790217654e-06
6.96785043837944e-06
1.15901974491799e-08
1.55756759815329e-06
6.69629139063609e-08
1.05423770533615e-07
1.57558455523448e-07
2.03154017840733e-07
2.01114936876028e-09
3.62903563411092e-09
1.52145943077825e-11
1.64679409617644e-10
1.26445510617623e-12
2.21915540912444e-12
4.8076510474834e-13
1.11554441481769e-14
0
0
0
19.7979224687442
55.5811981496225
5.5681876098486
0.579984370720462
1.36509348635194
0.824338346039488
0.105117241755351
0.129180431235598
0.0226772522099992
0.0162824089363117
0.0092494257477802
0.000210057184331355
0.000435656459912674
5.36572257108953e-05
4.74910239962935e-05
1.8695186225169e-05
2.75821210151782e-06
4.05608026437863e-07
4.87019974023607e-08
1.6958834201326e-08
1.39929770875775e-08
2.73520322384425e-10
3.36989868155553e-09
1.41052528552381e-09
1.0970394648074e-09
1.9267527196234e-10
1.28439265164813e-10
1.5470465423559e-09
61.0379857833032
7.63385644111408
3.11594830723016
6.57376404153932
2.39191454314092
0.175137307961632
0.0100809928042695
0.0349787735824108
0.0173608089460503
0.00783947533896602
0.000663281431481233
0.000342692058242127
0.000122938645103608
6.86496830030989e-07
2.03591398417072e-07
1.01308302023934e-08
1.25917471403983e-06
1.76148128326482e-06
3.26727685373681e-07
2.27432913386689e-07
5.19577671800463e-08
3.0186674858025e-08
9.43032614593383e-09
1.99841868251464e-08
1.53408355776698e-08
5.45810467539136e-09
4.96872228174446e-09
2.62620999716306e-10
6.11270740133887e-11
2.08943361666026e-10
7.03723708458468e-12
18.9948583934456
27.3187134613159
20.0863893854808
2.03120302691221
12.982128125202
1.49490494980059
0.0197417190319445
0.0437095905512213
0.0270108257358007
0.00105092032058415
0.0001818574432003
1.60961174734587e-05
6.29809590870935e-05
1.74444863431598e-05
8.48764204504705e-06
8.37391662834718e-07
1.43624364469103e-06
3.54140877430392e-07
7.85117152301317e-08
8.75309808541254e-09
1.53637491795485e-08
1.71606219121792e-09
1.03571258286089e-10
2.41031890376748e-09
2.46711850634789e-10
6.33337414998612e-10
2.91605220265356e-11
9.92793934296642e-12
5.33218751292356e-13
5.72323895747844e-13
39.9413470500149
21.4408584241709
10.7855631518222
35.3822024611715
8.16034825557519
2.49107415369812
2.66576652949809
0.0268026436049878
0.024029146191158
0.0551614313679003
0.00264404598091483
0.0215525759665718
0.00210116343706779
0.000162699021874406
0.000215669867210407
7.24969620406936e-05
3.38892404980958e-05
4.67622239548545e-05
8.3090330197208e-06
5.67979624678555e-06
2.89711057737425e-06
5.97400769601534e-08
1.77921633146033e-07
1.57389098780834e-07
9.28489467295337e-08
7.09157494831562e-08
1.74164233608413e-09
7.15546922083162e-10
2.7043752779814e-09
1.79585952004337e-10
6.6962023605092e-11
133.812895612791
46.1398983444824
0.0266232536936648
0.00586313289805432
0.00574292305010065
0.00199924523499488
0.00687844219960836
7.45315725518371e-05
5.35739286334675e-06
4.73480334032094e-06
7.32984173533072e-06
6.61414046490449e-06
5.11978698154327e-08
2.25057514607381e-07
1.27136403126484e-07
4.58559472777134e-08
1.62201688383484e-08
6.31602370734582e-09
2.63167154688438e-09
7.80209497767516e-10
1.86313133322764e-10
2.00934086731805e-09
1.25453803882056e-10
1.08145371913863e-10
2.26336089257837e-10
3.60715601064199e-11
4.6171430980499e-12
5.94420637408731e-12
4.9859862484544e-14
6.24607225426541e-13
112.889875398017
1.59698843466623
0.145839759700726
2.02976521511138
0.941070993566928
0.346598499181708
0.0331381478960871
0.00791282753505578
0.0046619954396941
0.000393292309991033
0.00176358557375978
0.00157417420929461
5.94168164462003e-05
0.000189356832205055
1.62353769934865e-05
3.6248115663621e-05
8.07363431895402e-05
1.160005376143e-05
1.57434371049641e-05
2.79942875673917e-06
7.30346982990333e-07
3.87423862763826e-06
1.86159863143175e-07
6.39797986874602e-07
3.34675605944368e-08
5.0593165149741e-08
1.08638645792474e-08
5.70779212608712e-09
6.48935495201025e-09
8.42242067643945e-10
1.33933591073588e-10
83.2025605773088
39.3554376534161
0.785941145003171
1.23679983505753
0.400035395956897
1.31409139040756
1.11839108165564
0.144785598251712
1.03891550289356
0.0320520701013618
0.0744891864856385
0.0557169870921934
0.196096337404407
0.0118972856528669
0.023679164835242
0.00638382567046259
0.000510637833734709
0.0021163820970111
6.7905164761311e-05
1.28762420102607e-05
6.85566730902358e-06
8.95116460178428e-06
2.09675069924671e-06
3.64058990304466e-07
4.82122624194181e-07
3.94418430482785e-07
1.47588947526906e-08
7.24085836300958e-10
6.19312616439167e-10
5.10110545740494e-10
6.28759580834326e-10
117.54475288745
12.7868492249989
0.587793257799922
0.570026168175116
0.114533381943501
0.148633395747117
0.0454896596172206
0.005595556852475
0.0712528174900209
0.0372456244913514
0.0754592819362448
0.0114596278636359
0.000377868637423105
0.000284778438177704
0.000216795073054909
8.01831651655463e-06
1.86638340142105e-05
2.33076812074995e-06
6.40031775320636e-07
1.9896767507618e-10
1.96975218550753e-10
3.65069395754687e-09
8.81579636112418e-09
4.19851752362515e-09
6.6470525937229e-11
2.79639259669426e-09
2.47046771905039e-10
2.22650855529848e-10
1.10754149034125e-10
6.72225241825885e-12
16.800812324509
102.244771209541
16.8681929647446
6.03226912299438
3.46198136201047
5.48944611117571
0.787063323287034
0.280360827571331
0.0189443483881771
0.0145549131101968
0.00145523401674997
6.47214904360376e-05
6.027522891584e-05
1.42825427460535e-05
1.00420394871064e-06
1.87859581970977e-06
5.13023459490187e-06
5.2012760057817e-07
1.1894460485204e-07
1.30380253338389e-07
4.48049566573781e-09
5.98091458392181e-08
4.19257865249337e-08
5.38739819689428e-08
2.96278297303153e-08
6.9840245637456e-09
1.99545502663926e-10
1.13371393788653e-12
3.11530741967323e-13
6.76983001736938e-14
6.99056859807491e-15
86.3267928361893
12.0033570599104
1.88056591341617
3.38617079132165
5.5466496103128
0.114239889341385
0.409307721344946
0.203111053543181
0.101607898694161
0.0179981393465723
0.00688288472491688
0.00181670725454489
0.000598362095158527
0.000868212171339435
8.88982302152288e-06
2.06719814872615e-05
4.9596279547632e-07
2.80192169922176e-07
1.22488694184193e-06
7.48122175960495e-07
3.90115322565705e-07
1.595962469584e-07
4.92600327722805e-08
3.72841779880942e-09
2.88628917639839e-09
7.38309873637285e-10
2.78233842125745e-09
2.46817805800369e-10
2.74507755462603e-12
3.72743276108078e-12
52.418486755807
11.3477121045553
8.3427599327615
4.54264060159549
18.2987553648262
0.407876715202308
5.16063223618205
1.30045950040624
0.0126030873613575
0.00723818349780174
0.102081552937372
0.0351103831502621
0.0134440435100738
0.00254475347532662
0.000577071818808437
0.000649638824697771
0.00614292032200474
3.69768966357429e-05
8.47710109100691e-05
6.41977268520006e-05
5.82164915100396e-05
1.33585481606753e-05
1.01337750208709e-05
1.43603332645187e-05
4.05336944261628e-07
3.00574682831226e-07
1.18760050488678e-06
1.21503421353487e-06
2.53494286249223e-08
1.10814376860374e-10
4.70720861537312e-09
