14.9876196677797
56.6729994964165
5.12233356928045
1.11455284087733
0.839731457650473
0.195774711852223
0.0579906824674264
0.00676888071860351
0.00170355300523708
0.000145224834920885
0.000331181122158167
2.57644117894682e-05
1.53589272370165e-05
2.32823336094652e-07
2.93917974995376e-06
4.23407858687879e-06
1.31244023772818e-07
5.87674882677772e-08
4.30955999909747e-09
9.03539212096474e-09
1.04737871457128e-11
7.78954528594052e-10
2.16296732952464e-10
1.99077612123396e-10
8.59259130532205e-12
2.49438128450368e-12
1.23160367466932e-13
7.87692095304535e-14
6.6231295751069e-14
1.01166256628539e-12
4.35000672037625e-13
81.8861599545926
16.6755601323077
0.970646247269685
0.317417505364074
0.145521840048246
0.00316123766954562
0.00056684076917581
0.000476484555509852
0.00016728554749418
0.000108405147252971
0.000162892628563391
4.22235570615477e-05
7.97218146959887e-06
7.90006687993372e-07
3.43199663233155e-08
5.97715111206249e-08
6.01335928488213e-08
6.55829210893944e-09
2.76197526975194e-09
5.50197552144132e-10
5.39892577819862e-09
4.87413617478693e-09
7.43459382078549e-09
6.24612585534424e-10
5.21686461440753e-09
3.14115194495109e-10
3.12695779439556e-10
3.58242552365154e-11
20.4740570201539
40.5468405149615
0.276886393462938
0.311103742557864
0.321239351067092
0.0482010314580478
0.0113317411998258
0.00741798658559559
0.0012528095564859
0.00121401304841773
0.000409993618330025
4.37455866309116e-05
1.2373864583535e-06
1.69102147104991e-07
1.33149105671443e-07
1.61090453349905e-08
9.61544435982432e-08
3.52046670523603e-09
3.689733163464e-13
6.10166471736236e-10
1.60689741751102e-10
3.60579348571806e-10
1.89989462318719e-12
9.36634544595657e-11
4.53166090911283e-11
3.01531560653408e-11
9.2590799204439e-12
2.40455513104075e-12
1.50583359984842e-12
2.22967002106155e-12
3.43831756572047e-12
9.8998192793224
11.7447442007028
0.646079742671909
0.588761418154397
0.0991355269171829
0.0176144943880316
0.00185814987477697
0.00178803228290587
8.63060407053029e-05
3.8667967320174e-05
2.10900583470866e-05
5.33961297843827e-06
4.47545967090534e-06
3.22987819974231e-05
4.9735824146538e-06
4.47684642036509e-06
9.28231709698729e-07
5.72418468049401e-07
1.68447180832527e-09
1.494919825614e-08
5.71316227501443e-09
5.37669251802535e-10
3.21224041626539e-09
6.27392395123779e-11
6.17477477396386e-13
4.26813540101132e-10
5.42009644312316e-11
1.4913720954731e-11
5.65355898639895e-12
1.35832758021287e-11
6.22777117416263
0.0753216208519246
0.377956323556872
0.0582385590939701
0.0433302732701482
0.065008209838554
0.0633348140243926
0.0857949310952857
2.86054364201552e-05
0.00238679748658825
0.00055787820126007
0.000218217866711658
4.71899583460179e-05
1.21113691470824e-06
3.35270535492267e-06
1.8502547082039e-07
1.27851414828564e-07
2.42040159460338e-09
4.53721122003163e-07
6.20800407438515e-08
3.16841146990899e-09
1.20031489918932e-09
3.18480307661521e-09
1.5202746482214e-09
1.1403303352279e-09
1.45035058849097e-12
5.77899288862658e-13
9.94730512711144e-15
4.97285943145494e-15
2.11012022541894e-15
3.76484529170769e-16
1.76343754120171
0.129496709024746
0.0862440273525729
0.00668210338457898
0.0109604457092711
0.00122784717846451
0.00142567384185398
7.9543074110612e-05
0.000317450415547411
1.18988432400012e-06
9.56348997225854e-05
7.45082222334314e-06
1.75975995908096e-05
2.60687612893801e-06
2.75142302707717e-06
7.7714132337106e-07
3.00999413730165e-07
2.01194939725054e-07
6.01312523916673e-08
6.64614901098101e-08
6.9186002226061e-10
7.89427688943637e-09
2.24899469242984e-09
1.62825921345938e-10
3.62064766962334e-09
4.64714718172569e-09
1.04756045298633e-09
9.29488655975797e-10
1.36370762718834e-10
1.80566877702893e-12
0.245519024203531
0.000158473731274817
0.00148559246534178
0.0097985364361456
0.0226121438689935
0.0167401395222309
0.00101703782119078
0.00096380528519999
9.98910531775396e-07
0.00145273109684393
8.55585462907329e-05
0.000163127349915134
1.58170545738024e-06
1.21080877010349e-06
1.81693646124371e-08
3.42816746574422e-09
3.88619526255108e-10
1.55699160386379e-08
2.82957746040392e-10
1.32881381100019e-10
1.61331130342707e-10
2.73073150295767e-12
7.42047655516384e-11
1.62552186932074e-11
1.65005756155604e-11
1.21308994263978e-12
8.89025604928422e-13
2.10345428298538e-12
3.55076882126046e-13
6.24071727549316e-13
8.23036561066656e-14
0.0880305538885295
0.812875274881619
0.0156095412405821
0.0567893307214868
0.0192892352388868
0.00484494690928856
0.00081381413284783
0.00135549856275377
9.40208305247395e-05
2.08022986915268e-05
0.000206410517217939
1.99170497900302e-05
1.41009464353182e-05
2.82173534634901e-05
7.40386067377619e-06
7.59915345926688e-07
8.55910502765585e-08
1.82407030266982e-11
2.8919008142239e-08
1.48893550369892e-08
8.28962980559372e-09
2.71514518840011e-08
1.01401044137306e-10
3.92169350406244e-09
1.12695957300702e-09
1.07040752519324e-09
2.27380254891367e-10
1.53945172605829e-10
8.21409880288031e-11
2.77015169468738e-11
3.26031547974986e-11
0.767699669650756
1.30573934768038
3.03876365306678
0.183260260666977
0.518604059459504
0.199677033121774
0.0258305517232434
0.00813870601339181
0.0253764489862476
0.01788182304179
0.00651184234865966
0.00169280867336359
4.01957062090165e-05
2.65514867666568e-05
0.000754497404000042
5.79571257268332e-07
1.58663511371893e-07
1.92293646245606e-07
7.47609924472379e-08
5.24821285576037e-07
4.60081462812562e-07
2.20384745128174e-07
2.19991357968296e-07
1.06211936965776e-07
9.19186619876265e-09
2.00638915181162e-09
1.17182722849572e-09
8.94991306986573e-10
6.55753528820788e-10
1.18055540299713e-10
15.7972556266934
0.41866729426458
0.152582483177008
0.425040356042321
0.00110264106172212
0.00294304556837974
0.000517882725511066
0.0018704948267428
1.22935615405724e-05
5.66377289033313e-06
3.24863993608819e-08
1.56742862812412e-06
3.0726341044025e-07
1.60129985579284e-07
4.57390490990263e-08
3.39272860948026e-08
3.55075505416583e-08
1.31525239717362e-08
5.22525239037499e-09
3.95187578407832e-09
1.05768140781326e-08
1.1882732553998e-09
2.07768388675547e-10
4.20419049127201e-10
7.7439976338404e-10
1.13625047139334e-10
2.00625064100926e-11
6.01993375372652e-11
1.20616421069468e-10
1.08827781393518e-11
2.53281759957453e-13
15.1241765800863
4.61856444676723
3.82646226939953
0.230771136596242
0.336727789612175
2.08547099519596
0.0925829143477059
0.0419505839656826
0.0398675455945253
0.00281798364017887
0.000600613624315069
3.13132967998291e-06
3.70006016616909e-06
1.79628354507068e-08
1.06502495636078e-07
1.6861806792947e-07
1.38229890831675e-08
2.61258278700718e-09
2.22639987679495e-10
3.43280653655698e-11
4.93728743025994e-13
1.99951725753575e-12
1.36822212749437e-12
1.85298227403571e-13
1.54522235768402e-13
7.33673220465038e-14
2.78012736105792e-14
2.49163510459244e-15
1.57829379192863e-15
3.58861458958908e-15
53.4428341316525
4.42291192055015
0.396447133464039
0.268393317333113
0.04745134609023
0.356186362302316
0.0632611648903745
0.00151502400278932
0.000352311946247053
0.00021977013594487
0.000174425620984824
0.000200071112057774
5.04955935978485e-05
2.23321559748677e-06
2.73020439547077e-07
6.22948525509496e-09
1.08713190861986e-08
1.82616210457436e-09
6.68449841507927e-11
5.62821111518401e-11
1.168606291719e-11
4.50252796033022e-12
1.10123522949355e-12
3.75509482294547e-13
1.63545001418553e-12
2.30882069616956e-13
0
0
0
0
0
