3.94695614511147
22.5333485016479
8.83058684690231
9.36933336652941
3.65886949945612
2.44652276128214
0.417040693421887
0.160174416251794
1.63401327567707
0.00127427522187568
0.000316402196302337
0.00134808161761009
0.000197745439009765
9.07635925080833e-06
4.93519624305132e-06
2.37987095883866e-06
8.26832153153213e-07
6.58291195412209e-07
7.67232748343379e-08
9.52533733088574e-09
2.37670382578238e-08
2.43374951274262e-09
4.84895543126695e-11
1.58638160233579e-10
2.56286743502067e-11
4.86031233539294e-12
4.37258575803523e-12
3.1920841447411e-13
2.26749970938153e-13
2.52233760117063e-13
9.48976545579701e-13
38.3599545392208
12.4332513458979
9.84993890786509
0.375511476059069
0.517709324504269
0.448382910006612
0.0117874100814016
0.00100788230942339
0.00218397905768944
0.000231881505408038
3.84124500917737e-05
9.13708214824603e-07
4.60799923320288e-07
1.0282293279068e-07
2.47386025655236e-08
1.84220967911226e-07
1.03331539113417e-07
1.16808448291879e-07
1.11914977242037e-08
1.10881098930008e-09
4.65207151198314e-09
2.37434192382727e-09
9.94412742648893e-10
1.00120493027912e-09
2.97167403654022e-09
2.13092043871231e-10
1.06329928774204e-11
7.85815905695215e-11
10.6305358763784
28.8954217864232
18.2227969056158
5.10376168411068
5.89665786575434
3.41309655566044
1.00443444939681
0.855875644154728
1.40032100236398
0.198214057365117
0.206978716480858
0.0696869817826614
0.0484419400436771
0.00147991624300917
8.39486319377426e-05
0.0140475952169158
0.014078516219753
0.00622055487819149
0.0128681215209521
0.00256728024945113
0.00199587290029944
5.36694530353144e-06
0.000335025469604291
6.67723249297492e-05
1.11888361952142e-05
1.73078918349396e-06
3.36650702331189e-06
1.6894175870521e-06
5.77140083134788e-07
1.94307348914504e-06
2.23033003509664e-06
17.2604668226559
57.0651725676011
6.31701427669963
0.238770480054081
0.0868907486973085
0.00507205521629568
0.0237118742001225
0.0027282175252351
5.85921016903068e-05
5.12255791819094e-05
6.30956005639638e-05
2.08299027271409e-08
2.01462572359486e-08
1.3794101190953e-11
1.70943392826443e-09
1.05378650204515e-09
2.75767760622362e-10
2.8014518316841e-11
9.21306488538928e-12
1.62227350656236e-12
5.56122639629215e-13
4.93469146954086e-13
5.40934897931505e-14
3.86209421541542e-14
0
0
0
0
0
0
83.7509124095086
26.1818883376567
7.65911930602621
1.14073973992308
3.44711899379259
1.68545136292938
2.28339300832333
0.627945320353281
0.13021908849106
0.0902384063875044
0.00183295549234954
0.000804150471416257
0.000279315590889207
3.49265220692471e-05
9.54889439144777e-06
1.29032750727969e-06
7.0727784762493e-06
2.8462235284862e-06
8.23946056087234e-07
9.5562001055936e-07
5.76606162775154e-08
5.3544527848492e-08
2.83950129451217e-08
1.95419863283649e-10
7.53471436315957e-10
9.87362544471075e-11
5.36464715986807e-11
1.55202764808953e-11
1.00732812678233e-11
3.21103681344273e-12
1.05458153653001e-11
123.414998757653
74.0178998468599
9.08857855550484
2.41318960977349
0.182622616391773
0.219401367295271
0.00906813053075737
0.495259308917092
0.032403385146102
0.0929025276670853
0.0116422354727582
0.0203164855937472
0.00122062500443897
0.000327543430695132
4.87359384203378e-05
5.71855473409594e-05
6.02075718519438e-05
1.61923419372163e-06
1.23996630171979e-06
1.35320482125892e-08
1.06249390358002e-09
1.73426208708117e-09
1.11158134121352e-10
4.82559744407713e-11
1.02875418479891e-11
1.0963680728256e-13
2.11722456842217e-12
2.08808992399938e-13
9.00705508917913e-15
1.2306575651385e-14
106.39793876186
1.56089902479422
1.45464172895253
0.445340947276834
0.0833291710694968
0.413062626664484
0.129174079126348
0.0243277462694078
0.326350568675075
0.0575894381005786
0.0311813430287434
0.0722770617446689
0.00381156018880901
5.23640545296696e-06
2.8421496031474e-08
2.39946360228315e-06
1.50446621567329e-05
3.80398479148877e-05
1.03260127512145e-05
1.13119308472909e-06
2.12927409996001e-06
2.32164079483208e-07
3.57443560097289e-07
8.1865462886723e-08
2.40007515527088e-08
8.9259746313681e-07
9.27227903245792e-09
6.60785785458803e-09
1.13289629326916e-09
1.49560367541944e-09
3.35139107031822e-11
87.7300456850789
52.2510963319339
3.31900675794887
0.469232256545436
0.109581553502065
11.8911854811203
0.468595523149125
4.41623641053537
0.547095043365824
0.0522217705677832
0.638247548333228
0.0948587396342609
0.0112848771566942
4.83236432661009e-05
0.00059219036221598
0.000155472734237306
0.000127193507370487
6.03150961743246e-05
0.000283358667113982
4.26228199305737e-05
2.38397139623498e-06
1.57640109912554e-07
2.34397647454477e-09
1.73376960031892e-10
6.24138170413835e-11
5.89256995174611e-11
3.03663616485768e-11
1.33932278796274e-11
3.80865605507189e-12
1.51859837933251e-14
8.06912403468197e-14
180.11193042621
4.23269480025551
14.2470498892146
0.675474636971546
0.430559052152171
0.178625154807023
0.0482531108892262
0.047977227425675
0.0165129742435636
0.00481948687732041
0.00577813848182839
0.000309187865765713
1.52877250088228e-05
2.34261141486429e-07
2.32065249517604e-07
4.74118527427621e-08
4.13530117980851e-08
4.92382029558272e-08
7.24236604025475e-09
5.89552557870467e-09
6.24316977165477e-09
1.36735861641438e-09
6.56024609070115e-10
6.07952793107216e-10
9.85205380735891e-11
6.78354677432746e-12
2.09062693279664e-10
1.61141358487755e-10
5.07810961155727e-11
1.09788631777514e-11
28.7684212415479
13.2493400606585
10.1110788245877
22.1731522213831
19.2456633011163
5.64518036323181
2.75618945458367
10.0658035128749
1.42941180492516
0.373338820943169
0.176317184532145
0.00526873238495803
0.000650500035307575
0.000140522331230894
2.37256658399315e-06
3.42091970171484e-05
3.91168786292552e-07
2.36671771858788e-06
1.67852378519097e-06
2.35986683539977e-06
1.03028593605108e-08
2.35061723286056e-08
1.43812007944995e-08
1.47193504320106e-08
1.20546977287287e-08
3.05455361659406e-10
1.36373218128667e-09
6.14590689231375e-11
3.23402948778966e-11
2.01331640964362e-11
1.93562882060864e-11
1.2906280066818
50.8676510057269
10.4044299160877
6.91148503417357
0.100418863387973
0.0449341822665537
0.300258450056933
0.029898609107366
0.0454960430786425
0.00209880571063939
0.000802886415111169
0.000960349878682733
0.000677267046307404
0.000116388759228027
2.99450031419548e-05
2.55891010727417e-05
1.85567570957592e-05
3.538644025529e-05
2.96948651667037e-05
4.96256194932317e-06
1.0472039434169e-08
1.28006769837736e-08
1.05860638881485e-08
2.06239825256578e-08
1.71460795760998e-09
4.56809269336927e-10
1.68544516285504e-10
2.03708498156209e-11
2.55382976758472e-11
2.77352152676236e-12
30.9342590579763
9.95971453791305
6.99031117136288
1.96385885373931
0.77082765519652
0.184109057777728
0.713403742387883
0.0463721015341242
0.0587907116599771
0.18093757663917
0.0692627818744278
0.127667449794552
0.000295120868215574
9.27312422529203e-05
6.67860271006449e-05
8.04391833376959e-06
5.78435149071968e-06
1.22710354793543e-05
2.62940697453613e-06
1.67678208565801e-06
9.96829026895907e-08
4.98351377378194e-09
7.49878847355863e-08
2.0487106432702e-08
1.07945317660754e-08
4.46163692845239e-08
1.55846149926566e-09
4.74903674702071e-10
2.04660107721446e-10
3.81105695136321e-10
2.70840832164281e-10
