15.8807503180578
4.20229944081081
2.45433684384366
0.314914494437056
0.0263201164614637
0.0506756565129675
0.0301120120192591
0.0400740138213962
0.000154769882125623
1.97280309891663e-05
0.000231730488807917
5.57059146158293e-05
1.12230278081229e-05
3.71631644882579e-05
1.87719076784758e-06
2.30787831537132e-06
1.81575657668841e-06
4.34266478933578e-08
7.11561746280289e-07
3.92049522767503e-09
9.50671076182384e-09
1.3672411102458e-08
3.8818352439672e-11
2.11546034462817e-10
3.31882971248709e-10
1.06822189530385e-11
1.06245246061784e-11
2.18907662679552e-12
7.09267543158712e-12
3.98278659830001e-14
1.23995844972344e-13
7.03443183610216
2.7057894527802
7.14572408692924
3.16540304329843
0.901569187216459
0.0448326780886628
0.00209340541920269
3.70220444979958e-05
3.99838647624013e-05
2.40204710857743e-05
4.31022405478831e-05
1.03469201381384e-05
1.24044501763919e-06
4.10169631891236e-07
1.67670236373441e-07
7.51776688536055e-09
3.24722084784626e-09
1.26006418756044e-09
8.04647802501182e-10
2.50407307933833e-09
7.9169187448288e-10
1.52706275373859e-10
4.98809298264476e-11
9.02884373747552e-13
4.09722332344506e-12
3.90150819648349e-12
4.84957424773911e-13
9.66857883317108e-13
24.2200145199895
6.52081818717776
9.08069390309186
3.547987671243
3.36348839807815
0.129367066203487
1.06034699763857
0.00923721748904468
0.0412946152894723
0.0209539550109988
0.00355105787576503
0.00222802188069558
6.97229261762713e-06
8.32642682609312e-06
3.53075494578477e-07
2.18397480636739e-07
9.86658333912655e-07
6.49285897286749e-07
6.21798117035497e-07
2.8815601475348e-09
1.41504789345953e-07
6.93295742973458e-08
3.9748456845457e-08
1.28454532717164e-09
6.11321357585941e-09
1.0076145446159e-10
8.194140956392e-11
1.36313504820032e-11
7.74274355877669e-12
2.65764830378441e-11
3.22092519800202e-12
0.949356685392559
62.6925113640958
2.57621162299709
1.07439327541434
0.320416586978848
0.198046449008893
0.103814609673506
0.0122417193579057
0.0223732067282983
0.00343434466467481
0.00539264284933395
0.0262205763206507
0.0151664164321308
0.000288673689337848
4.85869975563876e-05
4.78389739605666e-05
1.98145600787577e-05
7.75985896933846e-06
4.88084426705595e-06
2.3812311760735e-06
3.76249097368981e-07
4.68560647155461e-08
3.0407132615962e-08
5.65199037155564e-09
1.82568416696972e-08
6.13898826748575e-08
2.79491221728117e-09
4.94865530938951e-09
2.64232641333338e-09
4.22400970737904e-09
75.7236298872158
8.86608472596756
0.237559501918539
0.126389585265412
0.000600273423693809
0.00650550068269141
0.0287375160167458
0.00501537766429184
0.00313802057201202
0.0019148151565676
0.000376829922367648
4.16893740604226e-05
5.13788719584615e-06
8.2301815466731e-07
2.88336655651203e-08
2.2058334622265e-07
1.7237692867003e-08
8.05263700405605e-09
6.47722226070226e-09
2.90632227076585e-08
4.79552601786023e-09
6.19632958441262e-10
8.89643121176949e-11
7.31074749564911e-11
1.33653108923347e-11
8.1993204232827e-12
6.68754747255145e-11
1.43013422924422e-12
2.52246105966376e-14
0
0
62.9619601909071
20.9643296623967
13.3877531353183
1.12452056275243
8.51964043119946
0.937537920085559
0.0837041099941877
0.00528687976614953
0.00883512334279365
0.00141362930201602
0.00208373837000638
0.000489886514690083
0.00195260479556467
0.000263124048450487
0.00012339186025961
3.58524120708682e-05
6.88661071102593e-05
7.37745203202676e-07
4.9053763496349e-08
9.43182992061332e-08
8.53784468406373e-09
2.14010199110937e-10
2.91523928978095e-10
2.6187057037376e-10
1.17303635301545e-10
6.39437832144921e-11
1.15951182194861e-10
5.32414158007624e-11
8.00112352801547e-12
3.42050573901893e-11
5.25441577285528
24.2923289379987
43.416473366445
20.66571285313
2.61339640774058
2.67230730602784
3.93677218311438
0.131301744031133
0.0157913525887915
0.00121978637964283
0.000169251660677104
4.64431979203178e-05
5.20423105327564e-06
7.56242455481334e-06
5.15713416651952e-05
7.40441234891524e-08
1.31566298904346e-07
2.77607777164342e-08
1.43646250435868e-08
4.09743377071042e-09
2.36352706007818e-09
7.28937312066726e-10
3.92825824936335e-10
4.57541784126642e-10
2.77952490490934e-10
5.43005887968096e-10
1.8966695785213e-11
1.57040202611868e-10
3.44464797126648e-11
1.72536080670765e-11
4.20033135963519e-12
5.28548232419416
29.6233275552271
53.5870363312493
18.4644690896413
1.76415570148956
0.133864858162043
0.11788346725937
0.00467832504564617
0.00808011152022231
0.00740976455342518
9.86861672405546e-05
0.00290761215559319
0.000420023297023196
5.91017371221492e-05
7.35498912930127e-05
1.73880506162399e-05
1.61358827065216e-05
1.33717116181334e-05
4.67802245536454e-06
6.84643839376364e-07
1.22157963205698e-06
4.43093770511908e-09
1.2524628962572e-08
6.76946995308294e-10
6.32242145115114e-10
2.17250092633245e-10
3.4570550911369e-11
1.27308723565075e-12
6.44100634601565e-13
6.22691003687858e-14
2.26772676026881e-13
34.2413441422395
20.4379387698139
2.30791606401867
11.3472724404124
1.27966018053557
0.669032885361835
1.3161828621781
3.54313624044169
0.344223857963791
1.95792365104982
0.229854668260207
0.00110751435353826
0.190627201155336
0.0962388767689307
0.0120598074478043
0.0144232835203227
0.00857401661473347
0.000964133086907746
0.00053957993954428
0.000683431288309677
8.74287929988305e-05
4.94221191543603e-05
3.6342787343766e-05
2.58249468179793e-05
7.03400895979277e-05
1.98460060328462e-05
4.91219558221344e-06
2.11411583599072e-06
1.53019169585148e-07
1.67733660959309e-09
13.4447276564315
10.2682362587204
20.429802324295
13.891798093798
1.08683115608788
2.34467207762211
0.388313740806816
0.133846283904004
0.00510707489162749
0.00333000863905975
0.00023723218246728
0.00110724621935969
0.0015214779886492
3.32584940508918e-05
0.00027742226206479
6.79526706798358e-05
6.9286137410377e-05
1.47450267921994e-06
1.50976677913816e-05
2.82511527671218e-06
1.48570351457194e-06
1.58429532133917e-07
1.95714398563739e-07
8.1926660770644e-08
1.2300127310322e-07
1.05365361544862e-09
4.46402455581369e-09
6.78243715432668e-10
5.65919954968037e-10
1.2136028629984e-11
8.03637538654025e-12
44.0872462315019
0.892920117545488
0.0186737032907052
1.20443751747853e-05
0.000669560937579213
4.18970529589233e-05
0.000275335855424756
0.00012016952023569
3.45796450002676e-05
5.26233235826734e-06
3.33723666569614e-07
4.08272381159817e-07
3.21685689675557e-07
8.22116713650253e-09
2.34573315941183e-09
9.03582876347075e-09
1.11791033297264e-08
1.48392639577917e-09
3.41068217134856e-10
1.02684375500953e-09
1.95596942655657e-10
1.33533167618159e-10
2.32640911412779e-10
3.95765599302459e-12
4.64376599781579e-12
1.56104637606829e-11
7.48892881411534e-12
1.91174070500829e-11
1.34181024006874e-11
4.70182476978773e-13
6.94495592499152
7.73544255316348
8.51690411581232
1.53737895641621
0.245069145181812
4.21048743846758
0.649804370026903
0.0959980283065497
0.057145011328185
0.000788593567428206
0.00427974542315369
0.000474711485425176
0.00100872990218355
9.77262449401755e-05
0.000149439756828708
5.69123506261006e-06
1.35959671178428e-06
7.61751628115981e-06
6.82158084841552e-08
7.2549522644014e-07
3.97167056818531e-08
2.34216573466596e-09
2.32665500672059e-09
3.25486251774147e-10
1.70391924894127e-09
8.94800016746274e-10
3.71352262623205e-10
7.85532905002493e-12
2.993680117779e-11
1.40171013783961e-10
4.54556384448942e-13
