7.41673990432173
6.9341544311418
2.43840822104801
0.306998456798861
0.546697208804245
0.0714766579361017
0.145763666230158
0.0838537368456636
0.0276168680785314
0.0202798237978753
0.00711195977920481
0.000744931676984119
4.88625731293434e-06
0.000126237710529322
1.74770508767872e-05
2.08355063268142e-06
7.52971020823013e-07
1.37054793343422e-06
1.20408621855193e-06
2.82070350989437e-08
4.58258990418266e-08
3.40675137230747e-08
3.41312380060937e-09
2.39811265025538e-09
7.23085650216381e-09
2.00644344215071e-10
1.75382624557136e-11
1.19876550263354e-12
1.31443447622828e-12
2.45038015386114e-12
6.04571640824897e-14
4.16256475541741
12.6943795740943
5.45284122051536
0.505457439231446
0.0653661949513731
0.0933214648446369
0.00171996255510134
0.00882189857771648
0.0152065361210028
0.000115635508362999
0.000177566133529436
1.19651292154782e-05
7.09147032579128e-06
8.45825649184789e-06
3.61170869425672e-08
1.44090640788358e-07
4.81104648846606e-08
4.90895320097488e-09
9.37224711944362e-10
2.81058995814339e-09
1.74922243373614e-10
2.91546454734132e-11
5.07287082374908e-13
1.09036984641985e-11
3.21826470132983e-12
7.12281468580506e-15
6.33921204730572e-15
6.65664422699258e-15
26.5113639431074
22.7887781383644
1.33723308323289
0.231767377614353
0.0657951288253327
0.0320089708667091
0.00299018951206915
0.0265211065065982
0.000607546108448461
9.32607652251824e-05
0.000997278169342372
0.00157619038163077
0.000124708980245307
4.8673551128006e-05
1.56062583682988e-05
4.74028928855545e-05
1.18826223537321e-05
1.58934283558657e-05
1.23427890914545e-06
3.26359266741662e-07
4.80174988710394e-07
1.32939280815003e-06
5.29328726716008e-08
1.13281193036319e-07
6.65386339272451e-08
8.42735725298127e-09
2.75246558878387e-09
2.84542660498859e-09
1.69710832963974e-09
3.19494877519552e-12
3.95976406076692e-11
28.7557198258583
18.6505734551611
24.8313403024193
2.28565203048208
0.433768960239368
0.013267990182169
0.00862791689814328
0.0193562674139398
0.000187384332423414
0.00147701487489108
9.5507664490995e-06
1.64281745459325e-05
1.59134586836794e-06
7.85900136002117e-07
1.89939927281182e-07
3.33961642213707e-08
1.52693817415855e-08
1.33162009014879e-07
8.72612156047264e-08
2.12606007837447e-08
9.87529257026994e-09
3.92835247370253e-09
1.21788560934528e-09
5.70428282127043e-10
3.55765193471558e-11
1.26790234361659e-11
2.09562965839541e-11
4.35259487911125e-13
9.15735212564901e-14
2.45382769452772e-14
35.5544597450644
55.5603611603076
23.9314227494468
4.31303115378503
1.07052084703636
0.534410363802663
0.0306649160130064
0.00303219064081128
0.00208790704129591
8.30368467637281e-06
8.04301231144509e-08
4.62171380983448e-07
3.4509553602708e-08
3.20314113849485e-08
1.36857371358961e-08
7.55696320336815e-09
1.1747609780973e-08
3.53884927809421e-09
1.4414862851528e-09
8.6206369995404e-09
2.28623350977122e-09
3.88234747569897e-09
8.07901401762723e-10
2.9565635500168e-11
1.20034442845443e-10
5.43477741678344e-11
1.06498505096038e-10
1.30678041681326e-10
1.00430001976385e-11
6.00743080637246e-12
9.57633332836786e-12
7.84133865404874
31.6761278980356
24.2039017992114
37.0217273852827
2.18503731748767
1.35233553357698
1.31752525789416
0.212297023794131
0.0979549854767213
0.0280078996446544
0.0304358509226946
0.018035519960952
0.00878608800220817
0.00266070555095655
0.00281817118106978
5.13757282492617e-05
0.000618055111234984
0.00011463935644522
4.77630282401546e-05
8.65667457758795e-05
6.05117912938868e-06
4.90712441387005e-05
3.16580150894663e-05
1.83560645071891e-06
1.66905878664253e-06
8.93895902753068e-07
7.37975615176573e-08
2.26332779415261e-07
2.20869378120227e-08
7.19494397918225e-10
89.7630587129388
5.36537473814944
1.26329471041195
0.48696937129992
0.0816283684726316
0.0351886908118141
0.00296311474149561
0.000309514128384903
0.00113213884142815
6.1928493548377e-05
6.03094201607867e-06
6.64151210595708e-06
4.57340945403732e-06
1.02917264549102e-06
2.799301916626e-07
1.06460025207179e-08
5.11324682985341e-08
9.42052930995511e-08
1.83995348627537e-10
3.00332661920762e-10
9.18711126921488e-11
1.27710820456309e-10
1.09020545726299e-11
4.24793959602801e-11
1.31849579450963e-12
1.10124315348347e-13
6.39792963831774e-13
1.72871784436385e-13
9.04013771124833e-15
4.24264599364334e-14
6.60161746293422e-13
59.2503444682807
7.61793738515257
8.11809273044408
4.61631019064621
1.05325690838138
10.3544932542538
0.170548168649178
4.97049142896699
0.466038745374736
0.0711631242154469
0.249992145946069
0.00583477743768953
0.00431532553972439
0.0150147505490936
0.00500547967196388
0.0235749996143665
0.00738200457170309
9.64762189376221e-05
3.65412489050819e-05
1.30825419221117e-05
4.51715426284878e-05
3.05447897547157e-06
4.12559530430707e-06
2.63353811352218e-06
1.56663919092709e-06
1.24146412213637e-06
2.12871046873954e-07
5.51002756537792e-09
3.8499579587337e-10
4.55722565244923e-12
1.04459670936051e-11
46.4834004631266
3.65482273333709
1.91987848691562
5.95636546313307
8.64802357895013
1.26381913976236
0.0145324702640848
0.0504280414345129
0.00761886203898609
0.00042734236963373
0.000517809570335328
0.000155349433244314
6.87416890713885e-06
6.240556856338e-07
1.95958899188148e-06
3.5286799333461e-07
1.67269204565576e-07
2.62289156171802e-07
1.20690041566622e-08
5.82460366193455e-09
1.14561851443675e-09
1.79246545652762e-10
8.45260430433473e-11
1.07026346630013e-10
6.57304245458589e-12
2.3720940709647e-12
4.92182007126684e-12
4.55956947048838e-13
2.38637325400134e-14
3.36125909635657e-15
52.8848875418771
0.807131542111281
1.06102129511946
0.0419027143459648
0.0971446896992505
0.0561622598702151
0.0388943889237828
0.00170407965605736
0.00684666339759115
0.0030425250408337
0.000528920644264293
5.63483669812449e-05
3.54163999307907e-05
0.000388293855036977
8.849984906157e-05
5.73636113908033e-05
5.67159477350856e-06
4.04320702314508e-05
2.58149777043386e-05
1.82851632315549e-05
6.63888605201474e-06
1.51145735696306e-06
7.87638223235228e-06
1.00483929568314e-06
4.22569205141828e-08
7.1842824923038e-08
7.10026902907009e-08
9.00847564941463e-09
8.73793019288972e-09
4.40151812117451e-09
1.2909062095125e-08
17.5932182706892
22.570071946634
1.31217552162383
0.0947672667279937
0.240046608321635
0.0503897162430357
0.111181802990913
0.0103876663406652
0.0128644387008156
0.00487457928879056
8.45159413844847e-06
1.92750433168955e-06
5.41996116616781e-06
2.46621852968961e-06
1.18336933552908e-06
8.69028126184065e-07
3.50777063838325e-07
9.48262482282653e-07
5.28471709987311e-07
1.28758122914767e-08
7.30416260088378e-09
6.49685246249244e-09
7.50035679273959e-09
9.57552422277404e-10
2.34262078547398e-10
8.57771786309819e-10
5.64603870893834e-10
1.30363479504903e-10
2.13206910956521e-10
2.15294475968731e-11
1.46495323581621
14.2061326998586
9.61189855401347
0.580772023768577
0.12764517790483
0.00698252788656125
0.000178218439920915
0.00026551407666941
0.000714006796237623
0.000132595970160918
8.89978796686693e-05
9.94666371105798e-05
0.000131677214050958
4.25366162498782e-07
2.78908368813396e-06
1.75139450705201e-06
1.22198638187323e-07
1.66948599636413e-07
1.04799522188901e-08
1.30984643290027e-08
1.88232611730828e-08
3.97274251292413e-09
2.02719464470458e-09
2.94907916364523e-10
3.66649249275109e-11
8.51538157279293e-12
6.02640753935788e-13
2.7710148293862e-12
5.21729743910226e-13
1.84488542082836e-13
3.42934545427408e-13
