29.1094523342326
25.2227766307792
2.79343346324624
2.67255616583518
0.00266754865201436
0.00591600971795649
0.0147327864520488
0.0861828419655582
0.0866777789361472
0.00311723143175442
0.00217874146611107
0.00027290069821753
2.39176054696034e-05
4.82363159514614e-06
1.36298840272881e-06
1.55739516948401e-06
1.70303185731522e-06
2.12800188226438e-06
5.20592598451145e-08
1.24237386673321e-08
8.91599804632103e-09
3.22971365312674e-10
1.18087089112716e-10
5.62877342775255e-11
6.91223587861146e-13
3.37543146882312e-11
4.96188841389141e-14
1.59765126071647e-12
4.64327403710294e-14
7.2966622311135e-14
6.27679769170527e-15
18.7676778144669
19.9461212401052
18.4559627610396
3.3889800720984
1.76154472309947
0.376797109233824
0.293162229179628
0.00293326606928611
0.00460494585378382
0.0012681938570877
0.000602606779786285
0.000204154987827137
4.3174463423355e-06
5.68825726509556e-05
2.46601782889567e-05
5.67990383806288e-06
3.51300856944032e-05
5.98777402344535e-06
4.6127417822033e-06
2.49213937772207e-06
1.00569867861915e-06
8.16738052700403e-08
6.09955788083074e-09
1.17663788015223e-08
4.55911202370095e-09
1.07238858013284e-10
7.2706408554191e-09
1.15027389814404e-09
92.9806938841939
1.99830169030684
0.439478331984008
0.0421501907543294
0.0128378057167366
0.281340520505283
0.160885468805504
0.0210531542795706
0.0535203919140764
0.00253205755859331
0.000999033359475262
0.00106341633401279
0.0049198571617767
0.000160895139953007
6.62265825751761e-06
4.30453253832151e-05
6.45636718067413e-06
1.62400288083109e-06
3.8890576105151e-06
3.54312083276549e-07
9.1822531947579e-07
1.49952133659698e-07
2.71206568158942e-08
6.7429050164919e-08
1.14005900444289e-07
1.20923422621126e-08
1.24782648408204e-08
2.59586982605812e-09
2.94396980637879e-09
1.35898760457318e-09
1.30632499301716e-09
50.2889154190198
12.5573377012777
4.35387457922727
0.511041658954943
0.16909228887311
0.0586350330091043
0.0407004092641286
0.00719470633836577
0.00289036816195767
0.000764266557181584
0.00603878368779702
0.000140831235320287
0.00216646067860192
0.000734076835915918
9.87315937433342e-05
5.49564525227508e-05
8.587593898928e-05
0.000201631578120876
2.5297941395761e-05
6.41013393357988e-06
5.15399332280628e-08
2.78264743175965e-07
1.4500840228265e-07
3.80586707133541e-08
5.01360748628572e-11
2.79755957350476e-10
5.84875287107189e-12
1.64249022790411e-11
1.25357951390822e-11
5.33039730081551e-13
78.8027366511524
2.41600094110023
5.77912007573886
0.452910790408862
0.0668451516603817
0.415859725431466
0.0615310022741531
0.0032114253929169
0.000922341581213255
6.88172596652694e-06
0.000144573185677271
0.000424304962835336
4.67265739637096e-05
2.23646098785594e-05
4.2444346523632e-05
0.000110183026025127
7.62093956977078e-06
3.62962089623843e-05
1.63696970147086e-05
2.45054684990741e-06
9.11681827544165e-07
5.34945302622333e-09
5.94212511658734e-07
1.31679506713689e-09
2.64869637534023e-08
9.17139440146664e-08
2.19502026635748e-08
8.59501468493407e-09
3.56517154748047e-09
7.21516134576553e-09
7.98451227155694e-10
152.84334910498
20.7133155946246
1.85021203372067
12.4312772595086
2.36940017946103
2.62857284694115
0.0464196634160893
0.038861936840595
0.0358443420164897
0.0292165063284258
0.012892218700995
0.000124712138092898
0.000248127928165511
0.000226730202901376
3.80232275877115e-05
5.5782700141235e-07
1.22853072513724e-07
3.21823139749042e-08
1.00665783316665e-09
3.55330622647651e-09
4.43209529375756e-10
6.45845339972778e-10
6.94557077036801e-10
6.63272073782828e-10
2.40245572728179e-11
6.93214445195938e-11
7.20874948007814e-13
6.37005219557213e-13
2.28763227063972e-13
3.09181987406928e-13
135.074910102412
35.0054412153794
3.27393889402123
1.88425851333591
5.37095581014993
1.8375250010343
0.663506861935349
1.39030834142832
0.101160668943553
0.00398766632984742
0.240562398566835
0.133448254380914
0.00372773006937473
0.0137270945117512
0.000181875257494431
0.00144157654000083
0.000487583933131765
0.000305861318769032
1.98887510336591e-05
5.06368819682235e-05
2.67344413672018e-06
5.40585576160732e-06
5.93988558927721e-06
3.9671360513648e-05
2.94852330681011e-07
3.65599088611677e-08
2.43330775255669e-09
2.15175959586571e-11
1.48555654747532e-10
3.06195498178241e-11
8.36853464957262e-11
126.671452976763
28.2642303247537
21.6209796054816
3.29884273730151
0.0775523082873209
0.392644715218196
0.449101043573612
0.0561679356613484
0.134752144983586
0.00836865784626236
0.00809171262044447
0.00384219407585844
0.0130147557367238
4.87411384315531e-05
0.000408188781268224
3.63551350536047e-05
0.000159196523064896
4.17604649138295e-05
5.22779041428841e-05
1.00399938654843e-05
4.49962566947094e-05
5.88799844139346e-05
8.02109849697417e-05
6.6582060917053e-06
3.81716239470996e-06
3.3891149675091e-07
2.27849179733539e-06
4.21516771631749e-06
7.6691368485628e-07
9.84250549620923e-08
5.85707613123954e-08
121.348259501625
18.8443653124082
7.61519964949124
3.21152766589735
0.129585085934724
1.61627818195594
0.903532934232922
0.169707676008785
0.14590317670461
0.000670357419094172
0.0140697535252228
0.000867518077738359
7.53473423111431e-06
2.27305606072947e-05
1.07907375918389e-06
1.24530112103814e-06
2.81787994302747e-07
7.2885450488496e-08
2.28246799060435e-07
3.70017339234792e-09
9.56021816158159e-09
6.18716303089514e-10
1.9463643452174e-10
1.97424877728628e-11
2.38622884655965e-11
9.57145651412802e-12
5.03681345889448e-13
8.50220773333843e-13
7.2830990240962e-13
1.08779136355877e-13
61.2129765339196
12.8390428010568
3.71372827776664
1.55832638937552
2.55933627394325
0.316588785101681
0.0317722621780436
1.44532048474747
0.259500130690043
0.0365345985367073
0.0111228618094882
0.00420951464222678
0.00393057425739742
0.00743613769687328
6.98251829230831e-06
4.93809092703256e-05
1.14478815218169e-05
3.06888503767686e-07
1.01204749481566e-05
3.46831159777123e-06
1.62019566326252e-05
7.12154256740854e-05
2.6413296649154e-06
2.27285710264753e-07
4.74607049354622e-07
1.55314888732862e-06
2.53524707594429e-07
7.76437560791578e-08
6.97187445471515e-09
3.90547782216576e-09
4.86640055825858e-09
20.422535185935
15.4903341414312
4.72520215088517
8.58101516476865
5.3668990252304
0.223814966495771
0.147618443316257
0.0424762379216987
4.00046259984177e-05
2.33780903352952e-06
9.02862220353416e-06
3.9243192087906e-05
5.69711087175232e-06
3.20400990659709e-06
2.6418346185322e-07
3.50727644926618e-06
1.74628117152701e-08
1.20748657473616e-07
1.92891269529532e-07
9.7915292866056e-07
6.00393792782272e-08
3.39678966762118e-09
5.92698405028982e-09
1.72639979843876e-08
4.8822162457755e-11
1.53323055722076e-10
6.14130539547636e-12
1.68186356373689e-11
1.36008750914373e-11
3.40821443109456e-11
28.0012253858149
2.57123906129209
25.0840181127765
5.97815540442375
3.67548710558894
0.341820938311677
0.194930254879353
0.123154809770395
0.0208352524121198
0.0075084882821405
0.000115405321509223
0.000275512538252297
0.000142892733524502
0.000265603220577529
0.000188843027856229
0.000445560817265036
0.000144015847002992
2.98563589795592e-05
4.25042320210163e-06
1.19475892418492e-05
2.06659062518644e-08
9.74562279429204e-07
1.60125617823436e-07
7.78036728117241e-08
2.98523655854514e-08
3.54034247356142e-08
4.23003974108828e-11
6.33140178757696e-11
1.81845307538984e-11
2.72893755589045e-11
3.2711136240738e-12
