67.4941563904285
7.20385265727571
1.52331941052427
0.203220091585396
0.504357387002026
0.0597591298374857
0.000730899224358506
0.00626302225427171
0.00347061178471669
2.12809702715093e-05
0.000186917229722856
2.07340107472927e-05
0.000134892947168956
0.000137341049328726
0.00025544399255183
0.000104693025764144
1.01494316597552e-06
2.40413260779233e-06
4.58840167006758e-06
9.64798530208078e-07
9.03747819795789e-08
1.5723637058406e-08
8.83809807316353e-09
3.53018238214847e-10
8.23685378337541e-09
9.40925277643756e-10
8.51951612324929e-11
1.39104202613099e-11
1.28013527145257e-11
8.45656402870022e-13
1.37592024989113e-12
51.5543525316752
8.65257163792839
5.93851939526061
2.64721653557798
0.367281802542816
0.101757290439988
0.116971391562026
0.21117949703121
0.314016477730779
0.0621485591680638
0.0149579554977268
0.0113699193412692
0.00301977402819811
0.00103550077610971
0.00330821484740545
3.34781856946712e-05
0.000129305267111821
0.000100282054794234
4.56331180983254e-06
2.15865727727066e-05
3.554224855601e-06
1.69687444800494e-07
1.85661053061504e-07
3.12659540037425e-07
6.42773642907952e-08
1.31598757284265e-08
1.48764046809558e-09
1.3946551432655e-11
36.2482137233019
21.9316576636894
28.9093551493267
3.99759386926596
2.48074762879391
0.596499962193314
0.0337874751839683
0.95276626470104
0.654363388192588
0.168091126377196
0.0192633284163728
0.000206823323606545
0.000950184740441964
0.004818447891267
0.000731282952656666
0.000451520834541551
0.000302264072336262
3.25940984477185e-05
7.93958736546402e-05
7.12915801174447e-05
1.36366062082297e-05
2.02777178616966e-06
8.09491685626474e-07
1.36128076312559e-07
3.72086381198611e-10
3.62014456546401e-09
6.4457708480713e-10
3.53468252646979e-10
4.2257353072132e-11
8.98549537998779e-11
3.88393340684936e-11
17.6059250067919
57.8978218096051
8.41323569564144
4.93122677508132
0.496232756095995
0.37595201901191
0.147112965171061
0.0275010541578433
0.0339867764574119
0.00564475943570615
0.0642095220345702
0.000884761170052628
4.18470504395845e-05
5.87378321194752e-05
5.25909283798364e-05
4.366737904891e-05
6.85378100199456e-05
2.58967507782247e-07
3.00018592079317e-07
8.89478782120141e-08
5.52829159783095e-08
7.63123217531627e-09
2.97783740398032e-09
4.35490809545773e-09
2.01986981195124e-12
1.01793288759117e-10
1.97857993113696e-11
3.71778521841607e-11
3.77282136207657e-12
1.13334520941637e-13
58.1955282972194
10.1914064489321
20.0065641950293
5.57292763633477
0.0139041741221112
0.00531802621482409
0.0140204579970268
3.96344592091146e-06
0.000116312143352958
7.24955959802361e-05
3.51920482578545e-05
9.8147613233514e-05
3.04981073088099e-06
2.27016417630642e-07
5.22287102281338e-07
4.83197041838099e-09
1.66399138710164e-07
2.41327832013162e-07
1.96994903739391e-07
1.50756864775349e-08
8.1267863694363e-08
8.71297179124792e-09
1.19372575794512e-07
3.77747901013887e-09
4.85253852539423e-09
6.95251092793719e-09
1.57580310491431e-09
1.09515605449637e-09
1.45382777618787e-09
3.13124177271566e-10
9.79434386649402e-11
74.0635761427693
6.64170263329233
6.30866756475651
4.20946229837048
0.369381381764675
1.18980804613007
0.505124637607355
2.39161358507575
0.520835827217229
0.187085177070746
0.290621413086195
0.0166992281231883
0.195911928625048
0.0655935836198906
0.00895471957816266
0.0330612662196611
0.00185953111846822
2.43700098539702e-05
7.90417802407267e-06
6.32765091697884e-06
1.64286511044936e-06
1.17591981663245e-07
2.86690914888381e-07
1.09927361541654e-07
1.97044314689696e-07
7.21127491403624e-08
4.94092007882975e-09
3.79172168503078e-10
8.43712989563689e-10
9.0904392492194e-10
105.986128003802
1.93569186820785
1.56834522755703
1.25331420908426
0.0677180614770809
0.0525435881674962
0.0283799533722967
0.0619138328122879
0.0151529028404684
0.0183431525719099
0.000248318456839456
0.0116549290458059
0.000343653640403032
9.44251220976718e-06
0.000207327123195676
4.67410786022013e-06
2.59276313266709e-07
5.2178239252203e-07
2.97393141936983e-08
1.95652347679644e-08
1.65778155124707e-08
4.13076586992443e-09
2.4233943441646e-09
1.05378053961992e-09
1.27861166964198e-10
3.07691257535599e-10
2.17787804397879e-10
5.35308235698938e-12
2.75237878608357e-12
1.0003929156096e-11
8.55754928627286e-14
78.5385036370717
3.07838908667527
2.10359900097201
3.69786358407581
0.156646266981064
1.14247635944237
0.253019545155557
0.012127733718951
0.000252432714814505
0.00806210362085254
0.00578753884199116
0.000131030585783424
0.00172046983005631
0.000930773790908875
8.02049091123084e-05
8.02182297255253e-05
0.000237841878311743
7.34711012327992e-05
9.03986878775349e-06
8.75466070392268e-06
6.18507401043525e-07
1.13524126716519e-07
9.04850164491486e-09
2.63935861638699e-08
7.05357279694884e-08
2.80113790907761e-08
1.38969119101889e-08
2.11246417461437e-08
1.81853794373977e-09
2.45111469320701e-09
9.57200406696647e-11
3.92543812841177
6.76445016912957
60.0565849652767
16.3323669014495
2.02440545951466
3.36631339803717
0.538331092229971
0.626493692725993
1.74956139268281
0.0303505155258627
0.566257059336019
0.01018729429048
0.00678999560715641
0.000247220021826634
0.000726408792056851
0.0013278846578247
0.00013335852619409
5.39587424517147e-06
1.09116493157114e-05
1.61049467176879e-05
4.62860364078754e-07
2.07140413647629e-06
2.2473623258747e-08
8.05030743047734e-08
9.23202753103827e-09
2.37148157067599e-09
1.58640540092747e-10
1.33444568968178e-09
8.16155115890778e-10
3.41897341785021e-11
76.0781436811667
4.32482515574803
0.155809497310405
0.295955328832069
0.143683707238366
0.00114119504946667
0.000141232970467814
0.000100811630686823
4.96094221845318e-05
2.90925309679766e-05
8.66894303690082e-05
6.85669476485318e-06
1.63419506485685e-05
7.54672692292563e-06
2.25872063367971e-06
3.87697008436126e-07
5.64930442861426e-07
1.21616065279085e-08
2.97623601084688e-08
5.61103381832504e-12
8.22472919879366e-12
1.19035782691673e-11
1.56494795629651e-13
6.06768952485299e-15
1.29032325151038e-14
0
0
0
0
0
0
59.7203925130889
1.01603118473953
3.36450827064829
3.7421446626287
0.189953697914723
0.860590816747397
3.58681440403172
2.69305853132703
0.645265069179199
0.114686823580681
0.0640754353145556
0.000607832213106203
0.000106189581009502
0.000739680095915407
0.000798852774664772
2.9410474472722e-05
9.82603988694739e-05
9.39912952916598e-05
3.66964726901214e-06
2.275800966732e-07
4.76033154732585e-07
3.03546787599611e-10
1.28077456131131e-10
7.68315533781623e-11
1.55801959852254e-10
2.41341989376491e-11
1.60859535575136e-11
2.39532903784212e-13
4.64218136135843e-13
2.11432142065987e-14
71.5560768311843
14.1646895477795
2.43913927809311
0.959198257222858
0.834143690369293
0.0430203966410182
0.000822811697324397
0.00249363312080203
0.000238837954445901
7.29381605985123e-05
2.77307649142931e-05
5.40771717304086e-05
1.98940364486279e-05
9.08913199460238e-07
8.5607465243013e-07
8.53106457092835e-08
2.53134139840719e-08
1.09601066634006e-07
2.96982442160552e-09
2.14857373030113e-08
5.11693314500372e-08
8.51807057761465e-09
1.79504924801956e-09
2.22876852450955e-10
2.14458818640252e-09
1.72551517041895e-10
1.38594591920231e-11
1.97554365980321e-09
3.56095441147604e-12
9.599128223516e-12
1.93732188085501e-11
