18.4879283253103
1.65148981495272
0.265980682988565
3.01552945803724
0.44200440877457
0.135672345483343
0.00126686232981134
8.40283462547224e-05
2.72167785879586e-05
7.11832783354194e-06
8.51440568683553e-06
9.25230966415936e-07
4.54306605670148e-08
5.91956370506555e-08
5.26337764638789e-08
5.4965580006343e-08
4.27110414636602e-09
8.06309175397877e-08
1.17012013096302e-09
5.07046945455817e-10
1.68829948466534e-10
3.86073336436028e-11
9.71352052136938e-12
1.10451000313025e-11
3.47543308538925e-13
3.58059604668701e-13
2.08334576194498e-13
6.18257600948798e-14
8.45865980367573e-15
4.28917295657803e-15
2.50165881630691e-14
7.97534543322399
2.13397296715027
2.36400914800835
6.72251608916034
7.57785635254998
0.133916274358678
0.0219838781963248
0.0435841194994908
0.0105245958556403
0.012426035467266
0.00283491496780759
5.55809609741722e-06
0.000730203448500519
7.43827566565154e-05
0.00019321906783776
1.09533423189685e-05
2.09364632862322e-06
8.00695744031748e-06
5.93231209150936e-07
1.50295684432708e-06
3.62450576993819e-06
4.46403656815952e-08
4.28173156148249e-09
1.96214626458429e-09
2.48236444130905e-10
2.59750566428405e-10
8.14770792932194e-10
9.61203340694795e-10
3.03939566458575
16.5542337060214
0.262690002816648
0.418229430954178
5.01228741101405
3.3845191971254
0.307149420356229
0.00722037886308614
0.00773494768634837
0.00594591862818389
0.000353626258298252
0.000165082820735553
1.15918093742307e-05
1.00387196527193e-05
7.8988241075301e-06
2.41566593464653e-05
1.12154944419105e-05
7.71618912691307e-06
2.18192776535033e-06
5.38292080896388e-08
1.75464966033228e-07
1.26587682251723e-07
1.05752510914558e-08
1.58730793918096e-08
1.24093158801255e-08
1.62334624743454e-08
8.45839327638377e-10
1.35729064754399e-09
1.50147581925798e-12
1.72735238924558e-11
4.46614152250476e-11
7.13405467942357
0.806214541672911
0.00793409528343309
0.010985378710312
0.0220950312599032
0.00177524183258553
0.0128754943800619
0.00109823391568062
0.00184460028652584
0.000212527434029855
0.00077720176880089
6.09972733249677e-05
3.97603413173855e-05
2.09004873273224e-05
1.61802946786677e-06
4.86668775920798e-07
7.42050009056835e-06
1.44249996973015e-06
1.83892436453555e-07
1.44183922529885e-07
1.95460670626125e-08
5.77283578395557e-10
3.10877561732384e-11
3.07904103124505e-13
2.33402347551975e-13
3.14254157604024e-13
1.59522549082851e-13
1.61483583210863e-14
1.35616407336525e-14
1.28032257264006e-14
2.89370298944414
0.00477144724167457
0.00176388866586294
0.0649851965704408
0.0142107919185044
0.00909145907793491
0.00229382739694445
0.00861975585156297
8.2851887282056e-06
0.000101579503448657
5.85773763059759e-05
0.000315013788926506
4.22238027587033e-05
2.80436433020105e-05
5.41777908646532e-06
6.4558547497144e-07
2.75563210994687e-07
4.07576128070234e-07
5.51721000935334e-08
5.22306884662426e-08
1.92107940529726e-08
1.86720540783053e-08
1.40696424783523e-08
1.26458653857702e-08
7.08841932015753e-10
8.06756273494148e-10
1.18059870793335e-10
7.40812080062003e-12
2.77511522746621e-10
9.10662987433255e-11
6.71760190310830e-12
0.0747740694787353
0.0528415461676436
0.449344354629943
0.231435876601168
0.120236841791818
0.0561722724533241
0.0135514637738428
0.0011897929771664
0.000451760773509772
1.29523700804345e-06
5.53547144667934e-07
1.69502411586009e-07
4.77759973324049e-10
3.68197365318749e-10
8.14826909742417e-10
1.37276251587335e-09
2.58211227592032e-11
1.03768962692311e-12
8.67567472801876e-13
4.20691470702893e-12
1.29972575079369e-13
6.60290890059548e-13
7.55159116028634e-15
6.39776156866205e-15
4.48523705494269e-16
7.07037254587276e-17
0
0
0
0
7.59430425660685
1.84007509505437
10.0143413257717
1.69237190450441
0.804723505341576
0.0384009355284896
0.01353750954274
0.000593701424912782
0.00118422501001115
0.000228836843342914
6.34836382949573e-05
7.40860038173944e-05
5.5420410121387e-05
3.85690136205031e-06
2.07013301624354e-05
2.00346944577663e-05
8.42514609722882e-07
2.53310965224776e-07
1.37024541086732e-08
6.83275049184414e-09
8.74915495647005e-10
3.9203962604537e-09
1.22281820466639e-11
1.48211266713258e-10
1.2176100072515e-11
5.47834711411639e-11
8.22334315006279e-12
1.41380226888349e-12
4.87843183039966e-14
7.22879122789003e-15
1.72767952203701e-13
9.59289484308101
13.3812293004937
0.978917207131138
0.139157363227907
0.206826088131095
0.69263425584045
0.00549747521083686
0.0010817963935098
0.000844070603871593
0.000328868660104882
0.000362881458612001
0.000139431741662722
5.54177321292649e-05
1.88215611920058e-05
7.28996414419392e-06
1.82333046781294e-07
2.38691933241979e-06
2.8457165927981e-07
8.06157817257526e-07
1.40822315808056e-07
2.58229894292818e-08
9.77231988083658e-07
2.48399329743619e-09
2.95739661018351e-08
2.81176841044751e-09
4.97660398054045e-08
5.70319463372496e-11
6.10561485467936e-11
1.69787956735833e-11
1.11287246820663e-10
1.53610439270374e-11
13.6835843513254
3.95335530591647
0.329160865076053
0.869346793298172
0.0150577828574554
0.0071034994268828
0.0214568947116224
0.106479888305058
0.0128321922253711
0.00074964881317896
0.000536785765321518
0.000334014551982349
1.7134050939442e-06
1.00945823767625e-07
1.3050196692679e-07
1.03772619678465e-08
1.95668570794163e-08
2.53328721640144e-09
4.84190436908356e-12
3.36390774370701e-10
1.40821733114203e-11
3.13563285482775e-11
9.62996948469105e-12
3.15034409348131e-13
5.22005212099089e-14
3.64205450604367e-14
1.0571503646993e-14
8.50764118784277e-15
2.97684652905105e-15
8.33701752123455e-16
13.427253116155
1.56509537737848
0.504298614412994
1.34288436491832
0.0660929863439639
0.0604154414860017
0.0308136497696278
0.00303746974553135
6.12232913387184e-05
1.49050351100332e-05
1.36681389240961e-05
1.78135806901463e-05
7.45028111402464e-07
5.40084470173139e-07
3.42494433143854e-08
6.38312629600694e-09
1.49689529266411e-08
1.16817490043751e-08
9.83440166438103e-09
4.45324208258454e-09
1.55867941658187e-09
1.46763045852603e-09
1.83168284571197e-11
1.35755141083277e-11
2.02186812777906e-12
6.33597177570556e-14
1.56682418049753e-13
7.72782032480543e-15
1.16735998776986e-14
5.41014101103814e-15
3.34268013589798e-15
5.26353869703598
5.1563595488929
6.11036208175655
0.408152088803896
0.058644657631134
0.00149240372847521
0.000975213671483603
0.000112571860727022
9.53992492838079e-05
6.51967102655748e-05
7.45400122210561e-05
7.09339883763334e-05
3.19131805467083e-05
1.07798399334259e-05
3.7877794273363e-06
2.57516689394173e-06
4.15059075388688e-06
2.17904885783924e-06
6.16917977066538e-08
5.05586223694429e-07
1.46170981554437e-07
6.72145573689979e-08
4.61075882938749e-07
6.57946831874302e-09
2.09218161589424e-08
3.54718761315398e-09
3.38551942844285e-09
1.61509035721719e-09
2.20572057683049e-09
7.64541657001587e-11
9.77924890257418
11.5966359215411
1.70584070942261
0.620082448741554
0.248779686105174
0.00680914059773544
0.0227194277853993
0.000575498308037914
0.00407267996782063
0.00774570131722823
0.00132154455523446
0.00415854130914173
0.000699145023317038
0.000758359956959689
0.000334236346323196
4.51471864581706e-05
3.15311035213222e-05
3.01284524248645e-05
2.33989833813044e-05
5.3258266112099e-05
1.24600989350359e-05
1.77826457794675e-05
3.26778005677742e-06
2.59470502220901e-07
5.20991247797493e-07
2.70902479161239e-07
2.66323406267905e-08
9.24271734758977e-10
1.50736632968375e-09
7.33231020865857e-10
6.33293998528059e-10
