24.032905488275
21.099724057678
4.47313797466944
0.166704451036255
0.067841739274657
0.100763999905952
0.00424535734519481
0.051583032071161
0.00125152182244358
0.00025878876278077
0.000224185273855623
0.000297643636921023
0.000472303673469859
0.000204076714963125
0.000206777625907371
0.000112320316826662
3.90231412183759e-05
9.1377340874931e-06
6.13076035798053e-06
4.67126810867813e-06
2.10715404828408e-06
4.3106647486923e-06
7.38442779166148e-07
1.06526203306948e-07
9.08750494083e-09
1.48567186245118e-08
3.51836140016968e-10
4.09311362583269e-09
2.0524939455984e-08
4.8705854069939e-09
8.30347793265755e-10
18.8312092702836
26.9385229020747
13.3115033594443
0.477312408760662
0.171264038456019
0.0912989181200908
0.117096392158991
0.041490779970562
0.00528440266964822
0.00318620024207468
0.00255116445287211
0.0032945740464675
0.000811374875643059
0.0012482489648245
0.00297420729421195
0.000880759550324761
3.24164438849927e-05
3.76672647525379e-05
3.9632593690566e-07
3.33105680308559e-07
1.41083161691069e-07
2.82092656280532e-08
1.09783034872791e-08
9.68666586409055e-10
2.7338424502509e-09
6.46672534857334e-10
3.77062371342668e-10
2.25962409678654e-10
13.4478851426393
18.2527699904553
3.02365628764041
5.04497505404989
4.21235357376556
1.41845793828652
0.330663846395945
0.205589535832858
0.00894009037035157
0.0260949611512502
0.00488159406297979
0.0211339352144234
0.000411984214154225
0.00111554208769544
0.000275457264249928
0.000101627392424674
0.000297777411185102
0.00010619847593453
0.00019476211633459
1.66524154341898e-05
3.88520113594937e-05
1.62828795295752e-05
1.70075841459369e-05
1.60650641133413e-06
1.06572802916315e-06
5.2172686492226e-07
2.05523114267296e-06
4.60098892138993e-07
6.77587086183967e-08
9.71559469660502e-08
1.03695286996441e-08
17.4992722133175
2.05255172064046
0.128162111313519
0.202292507767522
0.0641839931582063
0.0176332564154071
0.0221275372555826
0.00457366331454521
0.00315569709466209
0.00132907829086441
7.85013102298722e-05
0.00304148664464625
9.14880268762767e-05
0.000170782418001599
0.00103724009501483
0.000224634822802315
3.75262085583087e-05
1.98131286370662e-05
1.43053264654065e-05
1.99979709965227e-06
4.12227840384288e-07
1.8149166927179e-08
1.16786333368838e-08
1.17986003613618e-09
7.22877208831048e-11
1.19254088998262e-11
5.38626527738138e-11
2.60046560546604e-10
9.3237312898099e-12
8.24417173698636e-12
1.71988677140325
1.17937337367756
0.0306678056233799
0.0547687791036771
0.00568629397961885
0.000697493713913427
0.000866513642842907
0.000550708112875564
0.000759431701986562
0.00490414090714379
0.000467445962889899
0.00077838216331674
0.000127381560932622
0.000108204241989642
0.00017898855375181
0.000157102057556961
1.2651915783228e-05
4.16363099799631e-06
1.81580089137833e-06
2.15807890511466e-06
2.66383888865644e-07
7.5968977021987e-08
2.3687562271514e-09
8.73403207689864e-09
3.7328211363667e-08
2.52282323753512e-09
1.66857875473269e-10
5.77300560269161e-10
7.81314666480617e-11
1.42010050582956e-11
1.8898434354887e-11
0.802152531221509
0.857133367880901
0.11593111476476
0.0203017099760787
0.192130674619463
0.0116425994141778
0.000221471363178729
0.000154971823916389
8.49508460289843e-05
2.07042936677463e-05
0.000142241133093014
4.68039582347741e-05
3.3426422224196e-05
5.03927283191589e-07
2.89949572654086e-06
2.17614680712579e-08
4.82350027105938e-09
2.00144903290387e-09
1.6561736354728e-10
4.41797345661992e-11
3.09032335178771e-11
1.77151138402423e-11
6.87655031903634e-12
5.58224806745637e-13
1.45011524206699e-12
9.22090571212816e-13
1.85544864576092e-12
2.98376510466786e-13
1.92478985218119e-12
3.91667430920306e-13
0.0926764491014183
0.192522511015798
0.0177744961631644
0.185669426330921
0.433384083914317
0.0257040585094721
0.0322077199857886
0.0120896582939107
0.00210750073497303
0.00190076399126481
0.000713714182162129
0.00323977709810602
5.85810740534699e-06
1.75399524088608e-06
1.9262590300016e-06
2.74626861434137e-07
1.54958991513083e-08
3.07927749037256e-09
2.04420642825015e-09
5.18384364947339e-09
6.90841511599053e-10
7.15151584337623e-10
3.39971353024913e-11
2.76539836969705e-10
1.15635422915792e-10
4.92572518904012e-11
4.78433038536511e-12
3.34616019352992e-13
2.97474698962309e-13
2.80811085526915e-14
1.93307943162919e-14
0.296642972622067
0.0830552149494584
0.0350769912301035
0.0688286076275268
0.00488601211640143
0.00264770520877405
0.00735704448325362
0.000721782989304252
0.000515746636575938
5.75377994814592e-05
9.73538630943724e-05
6.50119008555082e-05
2.63862450159955e-05
1.06332361137395e-05
9.37967956987655e-06
2.8124125649351e-07
7.30938070950002e-07
4.55989261426599e-07
1.23014981862444e-07
9.9236690814161e-09
1.97972502717972e-09
1.35834782776385e-08
7.32469720364408e-10
8.0757208120659e-10
8.79492613616213e-10
2.39130914344559e-10
6.0253917996427e-12
6.64525412827884e-11
8.96029173226099e-12
9.93775252226745e-13
1.11884457002595e-13
3.81488623749465
0.0445036432466107
0.118830594268207
0.0147607184217074
0.000437892432612849
0.00249178093211749
0.00227145371126662
0.000769895412314609
0.0006369539286857
0.000216335828087849
8.46362455361785e-06
0.000134398861805615
2.86925500272973e-05
2.13006401815694e-05
9.53881923950285e-07
2.3038121945614e-07
1.14786079230123e-07
2.42701762901007e-07
5.8752005092724e-09
7.02537236004011e-08
1.05374912353111e-08
7.2017196378472e-10
7.81075336113848e-10
2.32127621206706e-09
2.30267467337784e-10
1.50730657531652e-09
4.21700458322041e-09
3.71095892559352e-11
2.22362227869705e-10
6.44020608954974e-11
10.2525125350803
3.54231098031956
0.106846365886104
0.773082391763046
0.00940042878843501
0.275137896156526
0.00246931262135637
0.0373853769470269
0.000304929288929773
0.000405235966916196
2.59257235431653e-05
1.68396136446149e-05
2.77646380227955e-05
5.23259652478029e-05
1.26738423066358e-05
1.48795053087646e-06
7.4634585217655e-06
2.19741964361826e-09
2.11211545087138e-08
1.93454907781793e-08
4.53495034745562e-09
1.66031751207732e-10
1.11616345867159e-08
7.42937693739706e-09
2.37905362913538e-11
4.08454394357138e-12
2.58201682078809e-12
2.25169688339748e-12
6.71912801636113e-13
2.14572025928514e-13
8.26589940496551e-14
25.4534644274972
0.36045119574175
0.120957509131976
0.0621008984563429
0.00251893159305757
0.000217380281795173
5.23357848957224e-05
8.45747051228706e-05
5.2001011147468e-05
8.3341312129781e-05
9.57391391234962e-06
6.21001914689679e-06
1.04210825748623e-06
4.53863421888196e-07
7.7295921358714e-08
1.81931758109551e-10
2.52441519413038e-08
8.02124780669771e-09
1.20681416397148e-08
1.09379110774135e-09
7.81229850115951e-11
4.96360887329755e-10
1.55337236345057e-11
6.00169872319038e-11
1.28370459043939e-11
7.42666287169135e-12
1.54032449009038e-12
1.76462557060535e-12
6.3956653451613e-13
3.72902122434365e-14
15.7669891070109
6.78515827157672
14.6465804653308
0.366288640246193
0.167515081577537
0.346118708828938
0.565844134012041
0.16779189751024
0.131833458573902
0.0381312252651646
0.00565950006847622
0.00789605640316473
0.00373849289112895
0.000393383578075423
4.14290531940157e-05
1.42800023252687e-05
4.06025070704594e-06
6.05037715374737e-07
3.94228911915626e-09
9.97690566632178e-08
9.16545398471311e-07
1.73757261630836e-07
1.44629868653228e-11
8.49962972941494e-09
9.51951849105361e-11
9.20786705507112e-11
4.95310182267791e-11
4.86884115638816e-12
9.34415255340891e-12
3.64418901663657e-12
5.18733052785575e-15
