"year1"	"year2"	"year3"	"year4"	"year5"	"year6"	"year7"	"year8"	"year9"	"year10"	"year11"	"year12"	"year13"	"year14"	"year15"
"aspen1"	6.43032194414314	5.41129712748801	8.34626435338748	10.2372697210807	15.0092005658872	6.57836237732149	11.4496366200935	14.2745556037331	19.613975730661	15.0165680762686	19.9690803120824	14.3251788496564	21.3344655726902	16.4578571417019	20.7165305092452
"aspen2"	4.10351706465061	4.5660243151436	6.12640733041797	4.10821519509088	12.5328728339196	10.6433721487683	9.10820711542677	14.7601400291035	13.6350316108181	11.457807223974	13.8090175492925	20.0839715286151	24.6781363108689	16.102059362885	25.5302104927403
"aspen3"	5.30269763348894	6.036980445269	1.3403335395422	7.3043716511111	9.19891945760469	8.45507518756804	9.06498372586561	9.96694384584062	11.0494039696101	8.29673417648093	8.28271536834451	15.3700378347652	13.711186558221	21.7751935322453	18.8689293428949
"aspen4"	-2.23129768897016	6.00668105371462	6.81165592079667	5.64001491277362	3.37639748679895	7.18531515110863	8.86365970463348	11.0487595071229	13.8690635025006	13.9946280138142	12.9432912700513	23.5809390809833	14.6458443941566	17.3961795070528	19.2764307681771
"aspen5"	-0.275190319821413	8.3870192897669	3.73738949604092	5.67241954640309	5.95046574435019	9.78633654996061	5.75117529720492	9.47651965096027	4.92393120482725	12.5252741229851	12.3581352175227	8.53267273519365	18.181421145692	12.8884261114183	10.9055894520494
"aspen6"	9.32474658757743	7.40367628140091	4.36659803159899	6.69568627591004	11.2412074987733	6.6570972572756	15.87097574368	15.3320545142955	13.8820343084078	13.6700399333986	15.7892765827338	20.5102934784564	14.4270788872461	21.1416499711919	21.9039955547906
"aspen7"	7.95936945267669	2.83106649449913	9.08761208037298	5.40303995400235	4.77337429032388	10.0995520233411	14.3182992053309	9.95877979050155	11.56371114391	14.977386201469	19.2935004286656	15.9832320164581	13.3532310765938	16.3867144295485	19.9570598632619
"aspen8"	6.53890043135236	4.31778967528447	2.34054081454924	1.31002818760477	4.57466972085414	7.54678025236989	9.06761149722218	4.54474761283428	8.49966170271972	10.5726552289687	11.5069909158248	11.2825653088282	16.2876540070342	17.2141842664037	19.5056844401429
"aspen9"	2.66965573891064	6.64493031421071	4.06014988261358	13.1805306709683	8.19873302768292	7.58064686097446	7.93554362071631	13.4584163058841	14.8973969709239	14.5085723980862	11.4645116767927	14.3659872706532	17.4875208547202	17.9642818785186	15.1492279990097
"aspen10"	3.26565826406733	8.14693555981841	2.90501735886947	7.32979366713071	10.5909779910422	10.1026474401954	9.30341374648028	12.0772634816171	12.2176763661875	10.2959765882821	14.8369048273303	16.3570324193196	16.2360333730156	21.10649173188	21.3127949925719
"aspen11"	2.34465581271626	2.15668080798519	4.0196039648436	7.09007244898517	1.27834249988907	5.60121509030346	4.56438042612176	9.89958408080357	8.95802268060933	9.53738958960286	9.82451266163863	12.0914713136426	14.1858906980335	5.57354928627731	10.3051645311638
"aspen12"	8.48192036828248	8.85440458774627	6.19132854110266	4.87156107302808	11.8438541161974	7.68240050844766	9.46725247823842	13.9742052615589	16.9858918302254	12.8156565271429	15.7058956107558	15.5304957482421	14.4236396748667	18.4638191093844	13.1925381635544
"aspen13"	7.73143987822426	2.04776671598501	4.74929991148634	9.72600562002899	8.44842441100406	13.8304516006428	12.043524882029	12.5076674029501	16.3316487024139	19.5152046194166	11.2777216639338	15.9388476821778	12.0183353254668	12.8255697109889	19.6827711556511
"aspen14"	2.1259351498321	8.14522437760945	10.6280201830652	5.65882393691449	11.890443639607	10.1661942834721	13.4910173002523	18.7122949808688	16.5338270586097	19.4596915231645	25.4175235515435	19.8365066329517	18.4407278532233	23.7404897140367	28.4020427706415
"aspen15"	2.66957532395025	3.52810649513076	7.8514956519673	8.2845114095219	10.6583651878112	9.04298434119029	9.31854334911137	11.3883028518715	8.89775625748067	15.0639198610045	10.0240043092797	12.16951259696	8.85995910871813	8.71013108515151	11.6864941502013
"aspen16"	8.58357863006088	6.54530242569628	4.71524236381221	1.37880999982324	10.8781237978108	5.57027113955419	9.45155156921032	11.3700479155054	16.0231225503407	12.8199329100309	15.5831028368052	13.8608369227924	20.4957255596747	18.4620883115761	17.4945195994683
"aspen17"	6.00309904611101	0.280373685542592	-1.13621684202696	7.81179097088621	5.525759759111	8.61993793074748	10.6258691923009	7.54981849898641	9.02577200482757	11.379444600518	9.22318107018715	15.9684008117787	13.042942769771	11.0276953529605	14.757425263325
"aspen18"	-0.392859447688769	5.63984296450461	6.03380596576333	4.47376481078839	8.37001818346912	10.3400193216044	8.19786205127807	11.4208378348422	11.247351345696	17.6682387424139	9.79374817578884	16.6625400470585	15.5971929740192	20.5086530053188	16.1758262466732
"aspen19"	10.8022673650647	9.17636541394158	4.36263098404495	10.2362103559711	12.4932376941083	9.64207906453099	5.51576051316297	14.436442355088	9.72860208727216	14.1121532792475	18.0622382548877	19.5668851179467	18.958766539461	22.1255407781628	23.3811608611123
"aspen20"	6.52179071460794	1.94066174722251	2.79010888660815	8.34239482829727	3.48294243263057	2.31139300671479	7.23854555644708	8.38120071979317	10.7321968389031	12.146766024221	12.9164048154104	12.9584207242813	13.8489694171911	12.8580853848064	18.3986276616092
"aspen21"	3.02383333109296	5.24892730159843	3.90660644349724	8.60367808780533	12.6220217134523	12.6640736462399	7.12508070991061	14.394859839719	15.5984481300326	8.81117233548349	12.2807496374188	10.0863017726102	11.3833825260351	21.6431838038658	18.1007086636767
"aspen22"	2.55274764257893	3.3823739210716	7.62599253907854	4.39502912410349	6.83029150660285	7.89938237469714	7.23989508600976	13.4118609849849	13.9518078540256	15.7061379956533	19.9667311826891	12.423527436984	13.7973138731569	22.6942905886062	26.5957892659188
"aspen23"	1.23469499670286	3.81164889401362	12.3443036876175	8.03986619302476	9.35166744725337	8.34431905837319	14.4623322800363	11.2106916570324	15.9805331587546	9.86361138149753	14.4440264253097	13.5994949180498	8.94291570146051	14.1212247111387	17.0427956284957
"aspen24"	10.4827430415325	7.43829601084105	6.8046144210311	5.70144312914443	9.82099087907665	6.69643276880902	13.914297098428	14.6984902963781	16.7173622521698	20.8930462048705	15.6178087208618	21.5788266140822	20.9290044620902	18.8118517105317	20.6202281719981
"aspen25"	4.82366044784186	2.88773066395813	5.88851675389438	8.08162041902499	9.77122211272502	10.5740929180014	4.61573224115785	11.2299332794339	8.33692111026165	10.2484363082356	7.1161435752824	13.1643772067935	11.0089344939184	11.9420419581752	15.6528286967667
"aspen26"	7.57725726677613	9.21886510808118	3.21793783141781	6.31403500828867	9.38249372994878	14.4077053660949	8.92070481692493	9.2764337742254	9.49673976065733	9.10389439643171	15.6948301626404	10.7890475083439	10.7244976337006	10.3255307245078	15.7185955968751
"aspen27"	3.34434428985686	6.70239410015271	4.97491136132018	7.0964864321098	13.2554830102136	10.914643327742	13.7430060939435	13.2596629730481	16.2636491386013	12.0968716558588	13.748213803632	21.8963511012714	20.8347483787536	22.6449826994024	21.411856187336
"aspen28"	1.21036155225584	14.0883884226143	4.84677069757095	8.68514436767288	9.09129348891035	7.80443766163701	9.21486854950855	16.8247224807527	15.137390496842	15.4660422065331	15.6755997704857	18.7165220383465	18.2417002182568	17.6518993215216	18.9838360487656
"aspen29"	0.51984719387142	4.49898477089103	4.82126376137041	6.945561270804	7.31510333028292	6.91005493035118	11.1766624313119	16.5230170488726	11.23858809704	14.9874309773758	14.2105313528638	17.5703602151749	17.1275834895081	11.5162268605813	15.5720795751255
"aspen30"	7.65878218590072	6.27949812356675	7.91498662896757	7.98817274420133	13.225290062644	5.69262561859546	12.0996648847913	12.2392891592531	20.1873723071916	14.1961881656849	13.9557751314227	17.3119755408256	19.4167834068906	12.2537162573955	21.7923163249804
"aspen31"	8.48969085971017	9.39263732925278	6.67249059492974	7.79806503968784	4.72467841984336	6.56051222956869	8.28732602748845	10.0022383914808	12.5154830643862	12.8315448617444	14.4503073701742	7.37955538963361	9.53834850364068	13.3238702216185	10.8609530978846
"aspen32"	9.45413128404949	7.95481427814149	6.08716986609152	2.02283527623749	-0.108389444579295	9.31672391230253	10.4014506884037	12.1821659879772	15.0887982332211	10.9433741395546	10.3095540584866	15.4722476530651	13.120643140359	15.3485368320237	14.9599900977494
"aspen33"	7.34922674161492	0.227285923948132	3.34872458441925	10.6833727799053	10.4015180974296	10.4883968796887	16.1578407845707	14.1694406698304	12.8461172272397	16.6121895283427	14.3995778889941	14.8350805012428	21.0769567980562	17.1509869006429	24.2874284383026
"aspen34"	2.92929016403772	5.51192760635511	8.97503060657707	4.7741820542162	3.2488639743698	6.03201468713991	13.3223786594504	12.9267203701221	13.7629728477845	18.3607640986988	11.9463319841045	13.9723876124273	21.9714016793943	14.7899745628775	16.4439597051876
"aspen35"	4.82555235518175	6.68354056840849	3.06072417663133	6.04408018776053	6.05721912294188	14.0927854163768	5.85009553575741	8.40920844277671	11.8875886598614	10.4104110991821	8.24316523472211	17.620526997599	9.25676844791384	16.8733355603945	16.8690424918218
"aspen36"	2.89954875802907	1.99864450771692	7.12055968751812	5.98373819266839	15.4219429201948	14.3453159555772	8.83093820195976	14.0592841877456	13.383765728206	15.5251786473575	16.2980973433527	13.3999287945934	18.4233473575638	19.97515684972	16.3043460388617
"aspen37"	-0.642858516004391	5.33605061942716	4.28630650077037	8.33118154634963	8.76310162948011	7.6753208738501	13.7862811668738	13.4674062902207	11.4463412816145	8.76772009181098	10.2623962534295	15.0133026049767	9.62683577077076	13.2848853808849	11.6162593592192
"aspen38"	2.51233375916946	-0.582836407863724	2.02115439508518	0.0395280347850226	4.15246350489274	7.95092856688987	6.86591277252419	9.58862446900933	7.06932509969377	7.28163081985997	7.29107949079861	16.0123065712979	12.1349329934825	13.5387121078506	18.9424948890991
"aspen39"	5.89457625115899	5.99773892053692	9.07063311072173	11.6233578620778	9.0975714939406	11.2024919380102	11.2966687736371	7.99117110161055	18.392997755872	10.7872962959723	8.37857519203448	10.3612105010901	17.6183002801217	19.5417424799745	16.8541810864651
"aspen40"	4.36347851057098	5.18174655550223	5.72557818935126	3.67776351923857	5.72236416393923	6.1411183706775	9.26162606714238	9.10314587298601	4.60261700163668	13.2020186326244	18.8198692873036	7.1066121534706	13.6007007271318	14.7410942817051	16.8024252625773
"aspen41"	0.812073158384858	1.52262405635432	-3.15555576621573	2.73121895606869	-1.5484569653941	1.81170321240087	6.95710091100218	8.46200919377523	8.21127269312921	8.64366916140722	18.43999922359	9.63796801342763	10.9440491494149	13.1430704715434	15.3771488675382
"aspen42"	2.84742769225126	-0.674248132808567	1.90530862132319	6.41630688055376	2.13942696843391	5.08259049803616	6.92667196599073	0.581287885914097	7.6936626193111	10.8467388316632	8.13734091071928	10.2748498428069	10.5818144703112	14.1848944049007	13.8930230433203
"aspen43"	4.76638941014073	6.83562570538097	8.97204703439775	6.11387596118936	0.30161384726381	13.2388544239437	14.6290927727092	9.13421352745287	9.07556500562766	11.8266629104785	19.6304355384451	18.4228342975559	16.9968808113402	18.5084733838984	17.6996972436088
"aspen44"	3.24166632358396	3.09787762900809	5.66135731787076	5.72306097607793	5.08408386993277	5.33264021698661	7.72092153177136	7.04087906711861	12.5435410587077	11.4017361786334	11.748983994416	15.9487865177735	12.7284591143093	17.7383744680511	14.7632060091276
"aspen45"	2.44135224942708	4.62162968713601	7.23411682591849	0.460636823989153	6.59209329659424	1.65823179952434	13.6668905704281	12.2680409048001	9.2011137073016	12.2084003812303	15.8611301552515	15.3520756119154	19.0646217943208	21.8205692889682	17.4198507072041
"aspen46"	2.29582753334133	4.69453760536523	3.17983567471059	12.7295190144797	6.28797652467132	6.44878390178152	12.0732778322964	13.1305835865475	12.1771099425914	12.2058433805442	15.682412122223	16.4228387149571	15.713605668765	20.8756497544519	24.5716734367844
"aspen47"	-2.14698328471765	7.0096936356105	9.23961136102691	9.50910559391057	8.85222452476484	15.9929531753186	10.3981818241184	14.1248520935952	21.6498977140977	17.456943021681	23.0498539110721	24.2181198516808	21.5946578727776	29.7870863246967	27.3681533271642
"aspen48"	6.20929771408826	4.93407367887109	8.17186620525409	6.94289481296157	0.0573178940376371	7.64565622704824	13.0497358478089	15.9234037516499	12.4263898528402	18.6931748214943	14.2601279823093	17.6233291541664	15.571584446836	23.8736154800014	15.3425296047151
"aspen49"	7.95517391428385	3.95032241455957	8.21082658621395	6.62513119190688	5.33301080083887	11.8837184672787	7.47151351640943	6.78828459279339	8.94209231414724	14.6439416345281	12.8632396223955	14.7580782213322	16.1293824958178	16.9140727576038	18.3995126485996
"aspen50"	3.59200511657063	7.99884718227211	1.65587639703392	6.38510464537082	8.24752569398967	9.81048489158907	12.2127330050934	3.81906511868146	7.98627028734724	7.98713230899863	9.43306572397344	12.8178309258321	15.6715464519424	13.1799047886564	19.4051083242262
"walnut1"	9.24632409006247	13.0865044018332	12.4363907345906	24.2416267909602	26.9073908024925	29.3899164251997	30.7577113955261	36.2080074014297	37.8591874659183	50.9649351365829	51.1877442975205	54.0363781042474	57.9656755855317	63.7484775167763	66.9696721111527
"walnut2"	7.09358369279508	11.2245345113298	12.031856479772	17.6953630756977	15.8838499691883	16.731927096367	19.3974124812475	15.8427962776055	21.9609592387226	28.4491374293179	27.9404492027729	26.9732361043599	27.5801756947781	28.3157698733326	33.0554619750807
"walnut3"	9.30409290666973	9.59496768174353	12.6821029588912	19.1193170183725	18.7825177383721	26.6821905622802	21.3978488433725	33.5050081819376	36.1518252843922	38.0729328435514	32.148413038341	39.1748535891736	43.6935899577227	42.0555055331062	48.5419140969162
"walnut4"	11.2797195397233	9.20793362410891	12.9593301059523	15.8290907809842	20.363483716594	23.283959299971	27.5706591064171	27.6262531410325	35.4761542331607	34.7289336042597	35.8337041126815	38.7788887897467	37.9943468144215	49.3800297379201	54.1037756409076
"walnut5"	5.94593055832083	17.5455680040048	8.85110399290133	16.0919185879788	24.7873355903295	27.1373022194118	32.89112197964	36.9932228363925	38.5425049161148	42.1420800648414	45.5257305310597	55.1921617022913	53.8503620806063	60.7951613269944	62.3662804711218
"walnut6"	10.1318480172185	2.53615493472732	15.5555211881108	10.2263603309927	16.320454873988	20.5133145082227	25.7072883489619	21.8091999258669	19.8211665941803	28.3163969342754	26.4977171879299	30.1062761665941	37.614493568579	37.9953516333048	37.9169136130081
"walnut7"	5.64276810385643	8.60359549900448	12.7470040493819	18.5753780090655	21.7934833855366	22.0827595108415	28.4420211352102	33.4390007263937	28.0405490358184	36.8645730836023	35.1723069548162	40.5270939026354	42.3547473110705	45.7688887288966	49.72676958243
"walnut8"	11.0207949291119	13.2434552754742	13.9331828500976	23.8763297248848	31.0788103580707	26.6227898602398	37.0083519051117	42.2799237468241	46.5485801691568	50.5163622993299	54.0880894115721	66.8059534731197	67.2900252612209	70.7313804801321	74.03263896749
"walnut9"	4.23141217223499	7.48414614472881	3.41306556550009	8.53475178294366	14.9335289499439	4.9168598668193	10.7750661292029	14.6797847528581	24.1968410530536	15.8970068901792	17.214512772363	18.5519731002475	23.7292349100949	24.4686323300601	29.5930663596741
"walnut10"	1.79100901293883	10.6485285922329	12.2417928190434	12.0800533820201	17.7893616817046	22.6460856119758	22.8257518725992	28.6740390701386	31.1922068556337	32.6023868525102	29.5783940062897	32.5304631337675	36.0025447946659	42.2063002302401	49.4814868158379
"walnut11"	4.79933809669169	7.06756374986048	11.4515220418609	9.17881176672024	13.5958080048677	21.2612172867231	26.6748123916805	26.3073479810793	30.5109060481799	36.1187938027848	32.7773471327171	32.3876187711266	40.6467967553506	41.6299487407446	44.3491983972625
"walnut12"	3.72104202398136	12.4650594318776	14.8135974874071	16.886280957485	18.148656013371	25.7383057796949	29.2017489679467	25.3596142573886	32.0778715345834	39.6482796575227	37.9795308109197	42.7025894665346	43.5923752715386	50.5927010220481	47.2491580913643
"walnut13"	11.9821634805997	17.3732412751296	16.154170971934	23.8505222811077	26.9851315329599	31.6981214952838	37.7752925174365	45.6591225010577	44.2980013890852	53.086687881399	56.9433641605286	59.1184070328114	68.0036501952117	64.6404490969577	74.7765451925809
"walnut14"	9.77642154010768	13.842723836267	10.3174942647164	9.08552231134345	22.1536409792025	17.9486308589905	14.9087885299972	23.064210124107	23.3412838355544	23.5916311390475	39.6699775694845	38.2436806735855	35.2205620432873	43.8663668547295	45.2309409693773
"walnut15"	10.3906977017909	9.79032168746793	12.2649853638109	14.5883370384904	19.505808989983	25.9094033560779	25.2325918501654	29.9950056231971	36.5209582677649	37.1923903269169	34.1270583607418	42.2690827074587	45.368021331924	46.9605368206335	50.5259721550188
"walnut16"	6.59319871236447	6.20567982997017	10.7841881843216	14.8851695731336	23.5404562491065	26.0215789515658	26.0443894261123	29.4579510018895	35.4148431952809	45.0136418646427	41.2420649394025	47.3593669959916	53.7680924547498	55.4786307245873	64.5462202449714
"walnut17"	5.51771612051052	14.1992373855974	12.7052611643301	13.8015645836744	15.2143640863807	15.9771147610898	21.4823308098425	21.6867399061766	25.7490524502989	26.2655583581189	26.543551256656	28.8470408508614	29.6103121288259	30.818560047092	36.7475081971041
"walnut18"	3.57455028556653	2.72264946310443	7.23114100901801	6.8652698901534	14.3440031091959	9.81070990246831	15.2216595449155	12.0799142499815	16.8532345852227	13.9152338783242	13.7169351334424	17.8680146242629	20.7655426874594	14.2787082061376	18.6130240533991
"walnut19"	11.2534690926756	9.84146867877805	15.786828539304	20.8430629656004	19.9760419707376	27.056930267602	23.8667123236346	33.4992185119978	28.2642100420256	28.3690109047128	33.0645610711012	39.7983251883519	38.2548624637833	45.7963743785036	48.33181688461
"walnut20"	4.27441770114358	0.87085066973636	11.3017041180396	19.7982884150658	17.2291043481149	18.1453171744466	26.8236212519656	25.7058203408952	33.2518676806377	34.3123815189678	37.7467534527012	48.821456605365	46.3939273085705	49.4877960313624	58.0241536341037
"walnut21"	8.48968729349299	9.45959919999991	10.3170247133062	18.8876832631324	18.3692611823937	20.291544614944	24.4995418846785	26.1759485208132	28.4191655304304	31.8502623594925	38.0930767717102	37.0154346040906	46.8035003749884	43.9072842701083	45.0999464610568
"walnut22"	2.62691638725303	14.0033205147792	15.9010299815661	22.866989122055	23.4919584207794	23.9504423242043	26.495876718529	34.6123684927625	37.2721454984842	37.7984783561388	44.8144432312066	42.9384677209359	48.9678750047247	55.5641807766254	57.9148978239717
"walnut23"	9.17603146366004	6.17100760638841	11.362336423236	11.1665367269598	18.7352470045559	16.2389375936605	16.0742129177938	23.9375460348614	28.8810429575959	26.1674111447912	26.1195811170202	37.6373469444161	40.9747468890786	40.2145590209563	42.8921771826097
"walnut24"	1.65468052872339	11.6204376216928	11.2102803252501	16.627159434254	15.8874973301864	18.2102491943026	18.4756453560335	28.8827620873518	24.5913971260647	26.9196209238224	36.1040872688881	41.1005409007159	39.8986818093339	45.9469383095211	50.1081308029259
"walnut25"	12.1405801129019	7.44377572608043	11.8185545715134	18.5683831502663	13.1689286846113	21.2274197506376	22.2347948230507	29.378396602007	30.835761422237	33.0576956399954	34.3051804848816	40.913065565431	47.8494759585269	42.8389863915974	51.8145849599116
"walnut26"	10.5305897174245	6.23668040453863	8.26459682142725	15.7285239322305	12.3028826755365	15.4070664782078	20.8846224045154	20.4835056977951	27.0299159470353	31.8585957015967	32.022629009674	33.1211370712314	38.1090889847625	35.3906060939052	39.2271811364426
"walnut27"	10.1262432913956	5.41683795978873	17.9227517920473	16.7454009288428	18.712906976972	22.6862862213337	24.5994787774867	34.1695931443045	29.2025656149777	31.2842256788457	42.3630890197822	41.2416695099393	45.2038578760751	53.3471087616966	53.5602800610772
"walnut28"	-0.236690997475206	11.523202138363	15.4998379157452	13.384563271761	24.1382650386961	29.9286662845493	24.8310557179101	33.682493754567	32.8508913629858	41.8816123800308	38.878980687362	46.0454152845767	42.7306047607577	46.9782344068008	52.5332678363652
"walnut29"	4.21485321043817	14.1598712247925	13.093450121003	17.7460443263949	22.1856820943908	25.4476545858144	18.582005831885	26.0157587044647	34.636224034634	40.0625033366489	39.9989456429238	40.924504632451	49.037104432944	54.3634924500178	54.7968019144872
"walnut30"	3.08758960884133	11.0406897833741	8.0706328265567	13.5496840872429	12.4860466857574	13.8897399163867	23.5038059578552	27.4555308483972	30.6715633321354	31.6597310740426	33.3170535973251	33.7115941754459	34.4739176368696	41.4644723047772	40.6175765876336
"walnut31"	5.73082359524315	6.67169276453562	14.2847021876257	8.80410026503118	20.4574247396674	18.9951211229378	23.5217446650593	29.7475130413006	25.4698334129028	27.3335841571235	33.3776856043923	33.6505102935142	42.6143026383505	42.7019466224422	45.652474464392
"walnut32"	8.56572339254318	8.42544423867048	15.8933190918809	17.5907863987266	25.7927875016327	23.4537786656787	29.0756931440199	32.2701311424228	38.6410716563727	44.5287069185208	43.3236396256712	46.5069279275771	53.4649441665743	54.9122057786706	59.9428395858539
"walnut33"	5.18999673502377	7.04572944755626	3.28378589974455	13.3184595608261	13.9023993051989	20.4089529243926	21.890847103545	20.895616313287	24.65569923049	29.0341943529764	30.4731394547591	36.4599314709483	38.2420907374252	39.2521707567644	45.9664407904753
"walnut34"	8.5900305145346	11.5803700208466	10.8042086087143	14.3614561803361	9.23868756634385	21.1099275869884	22.7632360957485	22.4932699224025	30.0908722253447	31.6677074169572	25.9654439970305	33.3118247246516	29.9495162577685	44.3062609582578	40.5869667725024
"walnut35"	7.14623186614149	8.25512981045257	18.9416398798434	12.7762339609021	20.0254311013324	18.5540636620832	31.0670170343289	24.433092399927	38.6883685482267	40.5057361865788	35.756262126445	45.2143720859883	40.6064040533788	49.7510983523728	56.9264313897989
"walnut36"	3.06093194384636	3.85120412153939	11.0495198713549	12.4662171911706	18.7461069816052	19.8213248600704	23.3107624949978	24.8277263879843	22.8114280272258	30.4117504673829	34.7125057298891	38.7248430596285	37.1546751758467	39.2873766093156	47.8207789899765
"walnut37"	13.887612821325	8.53265481582356	14.5493305066845	15.8355474814855	22.9441770425822	23.489164686729	20.5213128392748	31.3555946338997	31.9212524038791	38.6988199296606	42.9431391842476	42.6196243937548	43.4649280595371	50.8766674654646	50.86251185389
"walnut38"	7.91624284373362	15.517119803811	18.9877473979475	18.3290863845781	19.3260389845926	23.1193023953366	20.6320285321739	32.3414283196365	28.2570951252529	35.9781852034109	37.8785505736079	34.5204919416141	43.6532549535125	45.2227738629084	49.8572293993918
"walnut39"	4.28154096530319	8.46620544923244	8.92527254922923	13.3312004748155	16.3193894393493	23.9858664901626	24.3176306304117	22.8317718429055	27.6435630121235	26.2260825972504	37.174407042527	37.7651961385778	42.4644510329954	43.6141217084862	46.7651350884997
"walnut40"	4.29443237668891	9.38498526080345	8.11607817251621	8.11088963622026	14.5934151100071	13.7699304898125	16.7753989083217	17.6442156570785	19.0702504460766	26.8734974418043	27.5758820760241	27.1232482300876	33.7879224129674	34.1572993328168	32.7120074799766
"walnut41"	6.56309743816859	13.3075507647327	12.7697711144681	18.2616160048895	17.4217574455548	21.6137789441209	29.8948231062425	28.5651779362946	33.4119296397805	34.7368130421225	47.2197548302479	45.0695193565916	51.7300195063834	53.7742094020639	58.7146069522556
"walnut42"	6.18615401503031	2.74371612880721	7.87127225457288	7.41537387241264	17.3039723898568	18.2552369883059	19.9936961718864	23.5679652603099	26.0583020525196	21.8351990190039	33.2274785550441	32.1721883926564	28.9775088084405	31.2036683052329	34.9467788366855
"walnut43"	6.08870563199127	12.4903743998787	10.3838853145522	11.228428771409	15.9595445504207	21.1699497886597	24.6482791969377	21.8046343270901	24.6059815479184	32.5648813645857	35.6311224238825	36.2879118181301	39.1700567570669	40.1878846299715	45.3069785108456
"walnut44"	4.34371572974833	7.35082292484769	10.1402859545467	12.7414998577161	22.236786675985	22.1364667619241	26.1069832228306	38.0948031759734	40.4884030338389	40.2664767065162	39.9650824062347	48.543315383438	53.2790343040733	53.2108954895357	60.5269416146729
"walnut45"	9.39428270718519	8.65450068928013	7.96570059137161	16.2885324254428	18.0345880888962	15.7690377337522	27.1479964289843	26.8139050693427	29.2180727380439	40.0969735917688	38.6020872313422	39.4632401231628	41.8313930419601	45.6827919756253	54.4322188417327
"walnut46"	11.746416866978	10.8570967819764	12.8911876653812	15.3332253903077	11.9578767458949	18.6151893860826	22.6755154038526	26.2006807121298	29.9744959657197	38.5550284756128	36.7418942034774	37.6403531180076	37.5474555477331	42.6192131145776	48.508764375574
"walnut47"	9.65139760721586	12.4363453887335	11.1470991961644	14.7030290495037	17.8164755914713	17.6151131560462	19.3219902702081	18.4369059924034	23.2326036463534	28.2036523006162	32.2837041917891	30.8335319821042	34.5831627399397	33.9288621592598	42.9158974697366
"walnut48"	5.85935153499515	8.20790939039697	11.3155985290904	15.6543086436611	17.3057974143943	22.4429112117571	21.1972530632302	26.0191302673304	28.2260908779419	30.0202174759279	30.384125057966	32.1518314234385	37.5893947334444	37.3346834578937	41.471396552466
"walnut49"	6.33133705478029	4.71099296744233	16.4273364087248	20.6162144266548	19.1902018510187	24.6788379227993	29.4618175892988	33.9689779466193	33.5721641654972	45.4287000181195	48.3042412756789	45.7228991596336	55.095072424224	59.2634762528134	59.7470577399404
"walnut50"	3.65021642921225	5.31080140066458	12.6457484017966	18.951129243235	15.4265523783041	28.0017276615075	24.1940892211733	24.8992587806568	35.1135220333004	32.9948207581278	39.0275097605804	45.0425935753973	44.3141351853551	48.6506384844708	54.210152135198
"maple1"	8.83674197794323	23.3487755281916	26.4648082838117	26.7857518153426	37.7699048698629	39.7137344382869	52.3405707920315	62.2731611409552	60.2652747093481	69.1794599874864	81.1916671233785	86.8658917105785	88.869242875456	99.0699695665775	99.8813206459902
"maple2"	10.3957107927549	15.4718002433162	20.0963696513599	23.2031506729934	29.3607925466348	43.5010967484909	49.0015879524891	55.7275493115524	63.2158426593551	70.7084906002227	75.4628705619951	80.5971698409469	87.7004689490245	93.21711490973	95.1984904769603
"maple3"	6.2668484792923	18.8729993026372	29.9397841003494	36.6491679714648	48.322376317908	55.3200419169008	56.5142118647372	68.8589054737928	85.983164923146	88.884706067883	96.5014812087558	106.618167111279	114.413204624211	120.858126529654	134.672997495419
"maple4"	10.4208603499566	17.0713011986053	20.3415230467709	18.3534689670936	25.0928100329215	32.6647068092964	39.9267504907651	43.3405996161926	45.5378747858122	58.3082008935438	55.1272107594567	67.8190171476935	75.4968127011996	76.8644151780938	82.905748554268
"maple5"	13.127067849009	11.5170035594485	26.1123226224854	28.1880512082295	27.9416216900769	41.4248930177196	43.042803004419	51.5739050442694	57.2658969762394	68.3482250411496	67.0409755542853	79.4549885768676	83.9158023033171	88.6043827371876	93.6023214537414
"maple6"	9.6046152168418	16.8925358434519	24.8769618227768	28.4518413650186	35.3098486986601	44.8593128884052	52.3183009270276	54.035504012643	64.8276459897657	72.4818337555937	75.9547166511625	86.8004714358848	94.3233046202456	97.6809614333034	105.758074074207
"maple7"	8.8021231107817	17.745026712771	24.4015737408078	40.3529435574305	49.7527375348212	57.6655618790121	68.3662946947469	68.3646086202995	81.9578634648694	92.9695515517244	102.352315955546	108.581674090366	121.037824792282	127.448707610137	133.400694524648
"maple8"	15.3036498235669	21.6360748666595	38.4157235848023	44.8736872750699	52.4655697173481	63.9019098674639	74.3271945673225	81.7371307663148	91.3655764562586	108.489314541746	113.131028649113	124.767595110941	133.267244761048	144.892052405902	157.321889268148
"maple9"	12.182816649832	24.5015556764299	31.3404643076118	42.2874172810695	54.9913748373511	57.1907596387431	75.3723952802877	86.3907044374408	91.1643854526924	100.362820459472	105.955081288051	119.253312503149	130.87867368418	137.735552953463	147.703627608917
"maple10"	5.46444824164749	12.3108544779785	23.0091115163107	25.8846961560441	30.3092546309119	34.993078266111	42.3412442890611	49.1510514856342	54.3667278442858	56.2323190283323	59.388456591749	66.5833636017975	75.3778393482616	80.3614471435483	84.9285364839567
"maple11"	8.95075338912116	15.3035177130613	19.2518274437574	30.2461921225769	35.8184501078536	38.2629460086404	48.2966406743026	58.9110953934115	62.9668978595895	73.3274654551738	76.8468073700123	85.192408351617	91.3897888629409	96.3479018939445	100.288023567721
"maple12"	8.69035841830759	12.0573755507745	19.3409400156764	27.1412046022505	31.5250421657771	36.4647410049242	40.0915638026677	46.9156398910112	56.4082412217155	59.3292505134022	69.4653966712325	76.2913440095512	79.7033923059947	83.2516676660027	88.2059017193053
"maple13"	11.0777255924731	19.5791512442935	17.4838453516627	28.2157298198285	36.301866909468	40.0256085944637	49.0638609607936	54.9119459595997	55.9573122767375	64.4259304693215	72.7506454247531	84.5160534631746	88.62834121213	91.4525518036618	103.344692471383
"maple14"	5.53988390361886	19.3284245590014	26.1541422068009	31.2562620738265	38.8658416187835	43.564288980946	54.8588422998969	64.7056093731159	64.5539460535497	75.1422371176826	84.1111979352447	90.2566224436186	95.5182308955577	105.256383552429	110.623465976074
"maple15"	14.8429777076377	23.3986514501723	34.3375568755874	37.6459608177696	42.1761035127122	56.6871648595002	66.4857283439007	65.1909333937146	76.1249002509799	90.9029634228535	96.8024812095321	102.625351313005	117.015684407566	119.135206943666	132.168377117313
"maple16"	2.52884951766526	18.3155222996957	24.1687306961116	26.9722250318784	33.151381693988	38.9653189226152	44.2002185747781	54.0816428904379	61.4071854256401	65.7256022049423	70.6402182194021	80.2629928694941	79.795384911064	88.4976000179855	92.4949264593961
"maple17"	6.76608232772242	9.67775117096665	20.0515615680805	26.4633910167797	28.4151287277508	30.2175495952669	35.1924569307438	48.780539818446	46.9974239278181	54.2963483405315	56.7489660238003	60.6228895120399	60.5644682550128	68.4916485059484	81.1412540128762
"maple18"	10.1483499621481	13.7243501230442	17.2753408562671	20.3204872129421	33.2753908058363	34.9523649425944	44.7049719542496	44.0611246190359	50.3653439809424	53.72491210226	59.7005413873057	68.778267903002	78.4305619550279	85.2964255218724	85.1674629168386
"maple19"	13.822290864737	21.2574085158438	26.5487236032428	24.2697682886697	29.6266874812557	37.7405601201048	43.9373100361016	49.8531303132869	52.2659753398959	60.9347430904309	73.7147905350164	76.5244427397115	86.9545623945393	78.8669738360271	92.8498129530322
"maple20"	8.02105386980942	17.3590871153547	27.7006606544392	31.0424522700751	37.2354946511242	41.6719424572352	45.088375235638	57.3634856695777	69.0849522190646	74.4058169291743	79.0639519531659	88.793262617608	98.4168016531628	103.80480065064	107.304056448282
"maple21"	6.43286845682868	18.4665555342756	27.7332219420385	32.7616761327122	44.4325021390995	46.4544421201325	64.4686151377035	71.1158910947806	74.8304153735488	80.3016945733686	91.1254400585468	100.10755778266	96.7527092832258	113.75803307164	120.071127807468
"maple22"	13.8548762159667	24.2355040947221	24.5383135529305	35.6856020333282	44.3677994447109	51.3913899963747	65.506810765147	63.9980156766426	76.8440106780186	89.1232966387522	90.5569766949195	98.6601038158285	116.14331141074	119.770088135942	122.836642730226
"maple23"	13.7103421655252	15.2055820098698	24.9247895796206	28.4245532274266	38.865875959459	45.0245978907072	54.2370653998366	53.3000573123677	69.6591024392103	74.6858205514894	76.4668065669605	88.510734218559	91.9097113399427	109.175383839509	107.246209041167
"maple24"	13.5091271834135	22.2825965031197	29.4279914198128	41.4950051977167	43.0507976295135	56.1145219379223	62.5308408466643	70.9111147504769	75.0477700890122	85.9018207430601	95.7823883737564	104.196582168583	112.586435205946	114.079303683014	127.141078025331
"maple25"	15.0558726963504	22.3989674229134	19.3031154203702	17.1526113827274	29.2720501575553	37.2416157913476	34.7882006231887	37.4013449302604	49.9181349857407	55.473263501294	56.2453090407413	63.9584144246765	65.7804987143183	69.6830221166209	82.0849795838761
"maple26"	9.62808696777801	22.3043177657714	26.6995868114542	33.5266050629634	46.414256995886	49.3851377581524	50.7547560428418	66.6041729595623	72.7425141468966	86.4787865629816	82.6821272928056	98.2931848460757	107.927944290642	121.279467914087	121.563123426801
"maple27"	8.95117560695129	17.3673391165805	29.2431169219066	33.2070640711914	35.0400379188298	41.063207196571	51.8769169448985	51.9262495820758	66.1734371932606	68.8088697634915	78.3144776502345	88.1489359494726	91.3199642873206	93.5507770870626	105.028528130541
"maple28"	8.5313389834182	16.5319612065048	24.1722776150782	29.1048200861203	35.8986724512063	48.2625047710778	50.0838967549454	58.6956329548105	60.8543932819948	68.2888144407007	77.0296536066452	87.709949745548	90.7316602478117	96.3159033161354	104.960239221934
"maple29"	17.2540257515396	14.841544729549	24.0060529544074	38.688802206744	40.2709255740361	49.84205986605	66.4429648934399	68.3736662648873	75.8753395085604	90.4098995365837	100.276315283155	107.699657992464	114.958238933793	131.220674465392	132.59181462636
"maple30"	10.8335256044335	18.2621201358671	20.5362822212698	32.7709856170384	40.2721941463262	43.109272953928	54.1215915620263	64.0545776638478	66.4449699262238	78.459196054916	80.7087403237377	86.8367491675598	95.3486322007545	102.059466885941	104.300054271628
"maple31"	10.0795448219879	18.517136372954	30.4333538632689	41.1667511222182	47.1388017911151	49.5734721574379	59.8073062938017	68.2782287986118	79.9116071116504	92.8645761991011	94.8169412993402	99.5628227220424	115.367263274785	131.216918356876	134.300902793421
"maple32"	9.17731697039245	17.2117482706451	19.2225015928849	30.8699259608463	34.1612859486013	41.6372152122107	47.439333276262	57.0830636290295	60.6223180378688	73.4474577756294	71.3758760957851	81.4992873172869	86.9243733754154	90.5369230659459	102.228203926434
"maple33"	9.17406986595171	20.6823715799526	26.2324413161123	31.1324111381287	43.3452146362295	57.6798987606237	61.8277891629285	67.2278064020384	76.3489368438731	79.216949648327	93.6940104974322	106.002902306281	108.407250159437	118.012650366366	123.901595330658
"maple34"	11.384411302557	18.2717243831733	24.4119895692039	30.8851389257713	42.5498764919523	48.6710786851808	55.2922237471231	60.9218913819936	74.0031419550614	74.2178959063038	81.8368691568003	94.4059971683245	100.26938005538	107.625275425861	118.721332443714
"maple35"	10.4769839527618	24.1755676078348	24.0091894701929	33.7565811600407	47.5980859813105	56.2301364787137	58.5489248029056	66.4012152202355	74.5982324682757	84.1931764493991	95.8468484673207	96.8977200417209	114.541321075114	118.793550903771	129.034475073837
"maple36"	15.075872671313	14.2701698542141	18.8611502020773	20.7473441457949	30.2296671098743	39.9248605402191	39.790960542687	44.1738436421149	52.3339167350104	58.7210529064765	64.0418986086339	69.8994383775979	69.9887664321597	84.5434426547121	87.4539715998227
"maple37"	7.04098367170899	15.0054694000316	12.7002734608063	23.9124690498705	26.7338878912181	24.8844881538036	38.041081859297	40.6875076207177	43.2663119916686	48.5699761773406	52.2521604303258	54.5084649840177	63.9033319959849	67.7565094044779	76.5473690710329
"maple38"	5.9209830347387	10.21009492845	22.5460717424974	26.5743618116301	38.6734589662137	35.4274080108619	44.5654258285858	45.9662939905469	53.8132030986368	57.3061202917456	67.6227206353627	73.2000629978929	78.949557510402	82.7590710584856	90.4022213254592
"maple39"	19.4527351985549	27.3188864460366	32.2434781508336	39.9321555967526	53.613172713098	58.5681440539686	75.8440002394894	83.3991458104113	95.8197977464646	109.55969155074	114.207289972189	123.83563225675	136.714666564246	147.958342990783	151.514678555817
"maple40"	11.2850082876674	17.0764730274683	24.0536886268092	34.421145860154	42.7712333829439	41.3455438719502	49.2327740959142	56.7050228525584	66.2982811129879	73.2587690470214	78.2445986493345	86.6448631352501	96.3239221862923	105.430961285666	108.902080411766
"maple41"	15.6824902286073	22.1865186991989	31.078028877191	30.4730662740349	37.1278777487607	54.4130582682342	59.3159373078987	67.4497462300579	75.9983489068316	84.0001675895863	91.7019068210621	99.858758380811	111.151456267884	113.313569638284	125.301767675534
"maple42"	8.12924645308329	13.3648190793595	19.2683960257234	24.7702571359447	21.6970149050404	29.3540439863782	38.1174041306253	41.3794289592806	40.2405707034638	48.4785999031975	55.0986570943801	61.465612422223	63.9903400129119	65.6344090689576	70.519498961413
"maple43"	11.9928212445363	15.4987498884742	18.4796432046059	28.3033129303189	28.7268069789729	35.1465341208211	39.9385975786003	52.6646668507894	47.7172880450017	59.6788902524562	63.0348713341292	68.0127663118853	71.5396115743063	81.4359027714902	81.0122957008889
"maple44"	2.69711665336264	11.5939362992843	16.765393397325	15.6595764055457	20.009012434103	24.4048450592083	24.7494505798095	32.3845157160257	33.4381263678577	40.3103410959899	42.8138349495167	45.6028321137328	45.498839038264	52.0267870957058	59.3222306405327
"maple45"	8.0942363907296	17.1331677872491	27.6478874407845	36.222597566562	38.6386089782208	42.4098986317294	51.1676308326557	58.7476812716635	67.652739677041	69.7799755207044	85.0195556336189	87.8960299551783	98.6332607156011	98.6865069014608	112.275711590465
"maple46"	10.6101313801372	17.9740516112802	28.3517453568933	34.3188413599522	46.0017670695921	54.971923968276	67.083768083841	76.0391604765719	87.9813290093149	103.319632173111	103.591298497334	118.795685093224	123.684494823529	128.307033906056	141.387152330279
"maple47"	10.0199094494089	9.43944972350272	19.7607662170157	28.2645686013207	32.4709332007771	40.6630959366902	46.29611285376	47.4571383698945	56.7569776939716	63.9707794283864	69.8363586737364	71.8432193663558	83.1532484663245	85.6630321649491	90.8698294597818
"maple48"	8.88381091449517	21.9098738808915	28.8675477459427	35.200442504539	50.4797156340804	55.057721753434	57.5894421972845	68.2544248670844	84.2521904780752	84.4092448592386	94.9708602027747	111.817475507321	111.436685077745	127.409070084049	133.276954798209
"maple49"	15.5755049799424	18.9334372755492	27.8851176025856	37.1746057657918	43.2138755997953	49.8237708754719	56.9363702262703	64.399167054833	77.3502832525195	82.8139074846253	88.9711771522276	93.1099447978945	108.480197647659	107.73480059875	123.830007553866
"maple50"	10.0743346961881	19.7363285050115	23.4166777020168	36.9982784535923	46.0462023861539	55.150676116343	60.4676797941782	69.0749093654505	73.8037413073459	93.7738361236767	97.7645263624421	106.611309338073	108.071890592241	130.718326648006	129.308671143018
"oak1"	10.396048749467	15.3219275502758	27.793055412831	37.2981186017056	39.6611483390911	46.7519483968445	60.4743644259374	65.1546656021755	72.9410485174216	86.0756430455314	90.9725141023739	98.0515203320891	106.845185924216	116.941346587443	118.276001476249
"oak2"	14.3237570054325	23.9001579522702	32.1407878176097	44.3986006126925	47.3469665385749	61.8626743819963	65.442603229527	76.5832244796319	87.9172580937904	98.1201406305224	108.496746666469	118.174711727378	119.739017736439	129.277493023928	143.204370499035
"oak3"	6.35435232591448	15.5837312955685	23.7397228833932	30.0021112929451	29.6223286629083	41.7253464450395	43.3467449406036	45.6229733347202	55.1338062841316	62.4765810879949	64.7255688104525	73.1575122757994	79.0099220851132	85.4198327944501	87.6706735975167
"oak4"	12.0216209694221	22.732184051946	35.2774154674693	35.6662986501241	53.5961114399409	55.9879804705608	70.871615465722	73.5602357710745	80.6652215410986	98.9490275378916	103.482453156357	125.272271936978	126.671402301037	140.896435553799	147.838805496687
"oak5"	3.13937135817817	16.4130453751409	25.71100377089	31.3616766104775	38.9205448117189	50.1173118703283	56.1105914643732	63.2520640022738	71.6981672206303	73.5517577048257	80.7581196861373	92.7288617777534	88.7358484786052	105.279562679407	109.342078940371
"oak6"	10.2881562864452	15.9616347703304	26.7364877059069	38.0260331890767	45.6099774709937	53.6655960112371	58.506548725188	66.9728629169466	77.0004175159628	81.9316400306098	93.2041514276823	98.7924191391786	107.389825157664	113.794124674692	124.870309250479
"oak7"	11.9203309267056	18.850949882813	30.6262856731676	38.4375811721633	51.4317119119819	57.3276586481169	66.4838621358861	76.3774032284592	88.9280015955262	92.1103946912494	104.695545525424	118.738234318497	126.339386015528	136.102694095118	141.72057287545
"oak8"	11.3630434550456	24.3717661457741	28.5860540216456	32.8584092004974	46.0228282029537	55.3397545836915	60.2674552668012	72.9654717665582	77.386339935146	84.4938553768127	94.5144848451294	97.1832278002467	111.621936713205	117.663560155741	128.470352442147
"oak9"	13.1360871702612	23.1127147582278	34.6788634256284	41.8112758489315	46.3491523272588	60.2495675196363	76.6617635680452	79.1460150283917	83.7578605766177	90.6906353716672	100.041614696406	113.516974576203	120.720419823962	134.482178791562	144.2014895348
"oak10"	8.46988391943826	24.924775987568	28.2229678817775	34.644941036359	36.4877704399917	52.2981649803304	65.0596192690631	67.9879022314626	71.0443575993665	74.5463691240006	90.5240821182174	97.7941191989989	104.54699193001	106.983640257255	118.160584044167
"oak11"	4.24461948645782	19.7560298001779	26.0545640682029	28.7904280450733	42.3285141816511	50.9694410606566	53.7894516243071	61.776642189809	63.6599393552982	76.986467878612	77.9308267700408	87.4438428648784	95.6874514194853	101.918554399739	111.759416017102
"oak12"	15.5332130203604	25.2822988586352	31.7557969754274	46.7348140473009	50.5816210835242	59.6211980297602	70.4831406531294	86.2649026705734	89.8570198111251	98.3499157815492	109.989533719978	116.2543447981	130.702289172683	135.201145886189	153.630273443995
"oak13"	9.97059522106419	20.0963683830284	22.2270033374965	29.2355077973175	37.4321806588478	46.7534515726341	48.8644574723543	56.0313477389857	60.6204239899625	73.6531058784229	74.6769957114382	79.2075035515713	93.027372851233	95.8981167480087	107.130992414335
"oak14"	7.62488140214992	25.2181072694356	32.360872723058	43.0510144258882	55.6598896762779	64.4895772654522	76.9064904246415	83.0749290156588	96.0840859574155	105.250334047405	118.049263822712	130.426318008305	139.335018035739	145.831734019051	159.240571131344
"oak15"	15.6793851175644	23.5304082665725	33.9802585696964	38.0183771324934	49.1190859415231	60.1429932061639	68.1164759687374	77.6688921153449	81.8613042075519	95.6586858901094	97.4385047198846	110.771568899121	120.642497857309	133.196379735944	139.167946030334
"oak16"	9.26504743125802	17.3593727240694	24.2067312241287	34.2477170144984	46.0578827272929	54.0942960835526	58.916024679432	72.9046621643237	68.9672214330283	81.3930675845824	89.561231077268	99.0922715162069	102.229201268555	113.194336192338	125.7344346864
"oak17"	18.3129192294749	29.8527349362034	33.3196979496728	46.7639430014949	59.0039873253832	68.0066069237188	71.4223698568649	89.7793090377035	102.230515161727	108.261471849779	123.49645619949	130.480689880396	139.642274803586	153.696352249943	162.545033229591
"oak18"	13.7945156431613	12.8568529569322	28.0226330201103	35.123452318087	37.0006412055203	50.0942558792142	56.3015901061568	69.4352816902474	76.5519565815093	86.2844075884469	92.0997685717509	103.102863987327	111.966897304534	114.153658162551	127.677781957576
"oak19"	15.0290037889814	14.7617155135591	19.3395832207455	27.3583063918981	29.4023031241608	37.344825310717	47.9800215750221	51.086573799595	66.650016766978	64.1953711751311	69.2217783942105	74.5898450373363	90.4291246493142	85.5085081133634	98.9453593370191
"oak20"	17.5673027059137	19.7438628255297	37.3764108017916	43.1657544645765	56.8515871791858	66.1397886669364	80.1142020837559	84.4594321435756	95.8301086202516	101.598088498459	113.775256367648	134.783453940159	136.003609561739	146.121256197809	161.537982861491
"oak21"	11.5803903460455	21.7841606257023	25.7964129567522	43.5049022550925	49.2137053011813	57.3209072606647	65.4330286963672	72.8940010532742	81.346533440205	92.0112337481087	103.481663535218	112.278863636532	119.418976080067	126.53630262084	137.357690693937
"oak22"	11.8196817119257	31.0306269550908	45.9964180105967	55.2468019236987	71.1950072790103	83.0431433626221	102.078916825757	107.41029103953	114.638187350765	135.224835378817	148.681106094587	158.239523350649	172.66009773132	191.03625417826	202.916651245261
"oak23"	10.3550828923923	20.4916554002633	29.1444801226203	42.1752844985862	52.9733285750906	57.7591017300855	66.4059311668633	72.0300696970525	83.5335497039502	96.6873629066889	103.903657467794	112.840865618803	118.703582225218	127.61788137815	139.616613437296
"oak24"	17.3434637684579	31.5713062772919	36.3573315416499	46.8637738309315	60.3810375471316	73.6469184447802	80.9475937532598	92.0606144975496	99.4882573819282	111.460268554326	130.486894952348	139.234244402481	152.676044898779	158.722551422379	172.190685302261
"oak25"	12.0914261520145	29.4128654495633	32.5828017800839	44.5134035631893	55.8865112978102	66.3767716385518	76.8116819391946	93.6929649416243	103.394498941407	102.69181509992	125.833814627461	133.744345885352	138.467586991282	147.244947552485	155.474581123141
"oak26"	15.9241272906042	25.9396160095134	34.7413973188532	38.8329990706035	54.734871406345	63.4319530468943	70.44227583311	80.607573836559	95.5019964376061	100.833935885699	107.984124811954	121.379118727632	129.552668538605	137.623208714722	149.781693627063
"oak27"	11.2921132287823	19.4329695639033	27.0007487163891	34.3857726584276	45.3068069387049	56.3354147136509	64.808398783935	76.0172142151286	83.4028406634139	91.5653722399187	100.750274375296	109.021390516887	118.906029209932	127.501935378856	139.874688464376
"oak28"	12.5206759835937	22.708145631019	31.4299587066696	41.2068504569982	59.1569086391999	69.5249665776769	73.0963225293507	90.6447038956695	97.1864819074823	117.324862578047	123.217223993279	135.90201028974	142.412731056287	153.304175823486	166.563163804591
"oak29"	14.5753267342604	25.3505980744942	33.3812842597527	40.8374833223883	50.1695985272294	61.0101959526738	78.6874565905791	84.1011200424406	92.20955280791	99.3989546378745	112.586329829972	120.668494155838	133.473022644216	142.532719402894	154.156000594975
"oak30"	12.867318338725	27.2258112625014	36.3516530317928	45.3517480407223	60.8191473718386	69.5197761822688	85.7121559237844	94.0521714756028	109.497500284869	109.313183207046	125.01764716916	134.21726352986	148.846198303567	157.388277487093	166.990370338642
"oak31"	12.7058237602661	14.5734920273456	24.0222444055943	26.9664215092296	34.1465910365575	46.8837596081586	48.0389240614029	56.6541100038464	62.0438945373115	63.812455538505	67.3293848340742	74.6929878487578	85.3389889271299	88.2848750159367	99.4156755406147
"oak32"	11.0263345900672	18.929052968146	29.1559361086341	35.504269900621	52.3085267768138	54.0705785718961	66.6278749822421	66.4651914511363	78.4204409632656	83.362536273998	97.6667137879757	103.470084911109	112.693700392506	120.422669273717	129.470192585251
"oak33"	8.55119651202353	23.0172132056489	32.2753167670596	30.5293307371577	44.1558408448751	47.6901161040222	55.6997500890863	65.5980152138876	75.0908796598505	76.87621760549	87.5204311286749	103.371062104663	104.595251381121	111.925755499767	123.599886453251
"oak34"	13.8617003453213	23.2922285270707	28.8070965406484	40.65878688752	52.5669918492564	57.5702689639005	70.4609118406596	72.9433972378293	84.5328736412339	93.7821189690392	108.604651129425	111.088982886604	126.175120479853	137.302428137662	141.054072106297
"oak35"	9.70374080536991	15.4109187966167	25.1723625425118	35.2672205090661	43.5809505128011	50.405827124389	55.0381781633675	70.725701020147	77.7607489478715	85.6932795603062	93.2333275700372	99.8450195960483	104.428744167055	115.997452816591	123.245578556918
"oak36"	7.45008390506048	22.38394054379	35.0337318835408	40.1332087668804	48.1249139277122	60.493168393548	66.3494030276411	81.9595975339536	87.4346556862832	101.220163858437	110.891181724172	125.613056720112	127.579610022427	134.757852728459	146.040101422723
"oak37"	11.1059361677653	13.7598573864581	21.3010968759891	29.2171299203025	39.2568368886693	47.0151753006904	45.2063198409435	55.7545690267869	67.6190522931233	70.7887249224382	80.1463847989343	85.617678242244	93.8770373406346	100.911846965401	103.279140858075
"oak38"	16.3771621289292	28.3720986638951	40.6687049816811	57.1226796431239	72.1923272536006	87.1893369086563	94.5848081679519	111.479690290225	121.981688795306	132.734173460268	149.392663970958	159.718735794331	174.693658684121	183.651983427808	195.257123646493
"oak39"	12.3139743315657	22.3723258911115	27.1084123181063	38.1977462277717	53.8252289981743	57.2846673277433	63.9978037808581	76.592852939252	88.6502443934964	98.0188275314228	103.57864417319	106.39376400731	122.449541718276	134.100499505182	137.484611446667
"oak40"	7.46710762664014	17.1463578321535	33.3131600738076	37.8488014671813	49.4281030433419	60.2174277266736	68.4181838871959	87.3135297840353	88.1361100291337	94.4768150248468	104.555149509241	112.588235356165	121.40969125954	135.958144312558	148.437359500119
"oak41"	15.7274980909469	19.7204706194546	23.2679483701765	34.0407941316573	42.4340135422749	51.7769069025339	55.7122071950261	61.1551114425378	72.2719481796024	79.1233917215748	85.9151232751325	91.9974202466326	94.8094229452088	103.417544640868	113.603515186653
"oak42"	7.23110179058475	18.2396703910759	27.2404703343369	32.3702586406937	42.6969817274912	51.4297568733087	54.7501701639518	62.9876604021534	73.2651342957558	80.2578284612743	89.7579397305158	95.2007323756605	98.4365131655834	114.214071627804	114.135128796981
"oak43"	13.5562657469219	11.6882406717328	25.284567452179	33.6217899973121	35.450205772344	47.5742628325467	53.6419465850063	52.0954642048015	64.9723389784903	71.4956586425657	77.5516897441371	87.0885109926715	89.1350566820373	100.168577604691	105.898335148647
"oak44"	15.6717042490246	23.2764248041076	34.2047305194347	41.7542497330201	51.2717145676116	54.8492966559776	72.8991246138795	83.0526110102333	97.962943647283	101.496998629209	111.354827414083	120.754886826019	131.112457264045	141.742649119903	153.341326085638
"oak45"	9.48581659505905	12.8440787550597	20.2950271469513	32.5342042272452	36.6696136566577	49.0631657993213	56.8921910015241	56.3011434382267	71.8247198367463	77.361633716258	82.6822577547992	89.0126222550482	100.267947505719	101.576132597228	113.105731181307
"oak46"	10.0653085801294	18.4176115762138	32.0205670605405	33.2151060863219	38.6297290791501	51.1909927871792	62.3326712663519	64.4997794557701	75.6216925033272	84.0229102994354	84.7537772412953	98.8509139065038	103.905986263905	110.847572105087	114.753411809152
"oak47"	10.497704045103	17.4926855594254	24.941857886796	36.4083867630072	43.2217081210696	48.7066114869924	60.6693805556572	65.6191690589705	69.9799715158776	84.6977583580334	82.4709319319911	92.9266867342403	107.227699588441	109.647130659436	117.979356522834
"oak48"	9.36885769797805	13.9812109842299	25.9293333280517	32.8954651218762	38.505789400355	42.3665375770184	54.3451859396565	54.6513564488893	67.8022209559796	71.3319972581674	70.3289966876638	85.9340934945184	85.0762257383126	93.4380191409102	99.568509163588
"oak49"	11.3654191559106	19.4067999067708	33.0403687987508	43.8230662572241	53.7685290184124	62.1469599836208	74.5076246740006	91.4592722692214	102.521532397435	110.736122474192	120.277562756347	126.472997041879	136.686811313049	150.80760033747	166.933132355573
"oak50"	5.1256612877483	19.9638607741972	41.8276131286757	43.09617590981	48.5836624159578	67.2140585552539	78.5794166204263	88.7422298418653	97.5916522922128	113.081881788842	120.335246991198	130.318629092385	140.245538790421	150.505718435374	162.154087383746
