4.04726687399478
5.17395244706017
2.85768601365033
0.716746344557904
1.92203548921745
2.2973921034733
0.354378825364194
1.94549915611602
7.16095224620186
1.72593890629813
2.07205631412863
1.31029082318649
1.44240317899407
1.27347813325836
12.4358756116913
0.228047163184678
2.46969651006905
0.666389631149527
5.43123214214636
2.04424198604626
3.12636249586777
2.80442110145166
6.05416047595156
2.80159506963151
7.63458156051063
14.7079201285962
4.63005550596821
0.941929540914393
1.21374785746113
5.86881277850659
1.88801499300838
2.31462604453443
4.86973647184442
5.90989418209635
0.817062263455274
1.69647941850497
2.2166028541559
5.98321288951045
9.56340121677244
5.83959040984646
1.00456431383276
2.01157071828775
7.0840505940801
3.82965819228225
7.16046079829396
14.9150444658484
1.45809498910734
9.23386339796109
5.59640930444064
2.37498323883782
4.97783390154041
9.59827782352285
2.60599043194433
1.97327335703706
1.55286936503682
2.56806297842563
4.82346245839872
1.96942465575653
2.91980847957492
3.26234347124648
0.315937471337549
6.37174782258661
2.24774210183633
2.3937330199004
0.477258772915201
1.48152299284388
8.84814696158102
6.76815434566823
2.40476343582096
3.3915387484626
2.25520480404868
0.422621711155116
4.95170155716287
4.30250687669638
3.60443662686632
5.79743875940496
2.56900760078037
0.888408167786471
5.42753630919997
2.54820009105472
5.00963430254062
3.44712276348054
5.82515943936163
1.67245582271726
0.808482129337856
1.09848107443226
3.29498712129723
1.71819189252808
7.88459240403739
1.39401670073184
1.56163102359221
5.58027133153531
5.25674820295556
6.40813213157227
2.19962916626402
4.47348728703403
4.92244131241526
1.27843409524654
3.37530237217694
7.17711026104599
